,Date,Screenshots (ET),New Tests,Cases,Negative,Pending,Hospitalized,Deaths,Total
0,Wed Aug 12 2020,12:19 am6:20 am12:25 pm6:19 pm,25706,185938,2190078.0,,22096.0,15885.0,2376016
1,Tue Aug 11 2020,12:20 am6:19 am12:22 pm6:19 pm,26264,185475,2164835.0,,22052.0,15890.0,2350310
2,Mon Aug 10 2020,12:20 am6:19 am12:20 pm6:19 pm,22194,185031,2139015.0,,21992.0,15878.0,2324046
3,Sun Aug 9 2020,12:19 am6:21 am12:20 pm6:22 pm,49060,184773,2117079.0,,21992.0,15874.0,2301852
4,Sat Aug 8 2020,12:22 am6:19 am12:19 pm6:19 pm,0,184429,2068363.0,,21949.0,15869.0,2252792
5,Fri Aug 7 2020,12:21 am6:21 am12:20 pm6:19 pm,22547,184061,2068731.0,,21949.0,15860.0,2252792
6,Thu Aug 6 2020,12:19 am6:19 am12:20 pm6:20 pm,43227,183701,2046544.0,,21565.0,15849.0,2230245
7,Wed Aug 5 2020,12:19 am6:19 am12:21 pm6:20 pm,22082,183327,2003691.0,,21565.0,15842.0,2187018
8,Tue Aug 4 2020,12:19 am6:18 am12:19 pm6:24 pm,356,182970,1981966.0,,21565.0,15835.0,2164936
9,Mon Aug 3 2020,12:18 am6:18 am12:20 pm6:19 pm,18702,182614,1981966.0,,21565.0,15824.0,2164580
10,Sun Aug 2 2020,12:17 am6:21 am12:20 pm6:20 pm,49180,182350,1963528.0,,21565.0,15814.0,2145878
11,Sat Aug 1 2020,12:19 am6:21 am12:17 pm6:19 pm,369,182029,1914669.0,,21565.0,15808.0,2096698
12,Fri Jul 31 2020,12:17 am6:19 am12:20 pm6:19 pm,36765,181660,1914669.0,,21565.0,15797.0,2096329
13,Thu Jul 30 2020,12:18 am6:18 am12:18 pm6:17 pm,16882,180970,1878594.0,,21565.0,15787.0,2059564
14,Wed Jul 29 2020,12:18 am6:18 am12:19 pm6:19 pm,58378,180766,1861916.0,,21321.0,15776.0,2042682
15,Tue Jul 28 2020,12:18 am6:19 am12:18 pm6:20 pm,463,180295,1804009.0,,21321.0,15758.0,1984304
16,Mon Jul 27 2020,12:17 am6:18 am12:18 pm6:19 pm,30552,179812,1804029.0,,21321.0,15737.0,1983841
17,Sun Jul 26 2020,12:18 am6:19 am12:19 pm6:24 pm,65132,179363,1773926.0,,21314.0,15720.0,1953289
18,Sat Jul 25 2020,12:18 am6:19 am12:18 pm,513,178858,1709299.0,,21314.0,15709.0,1888157
19,Fri Jul 24 2020,12:21 am6:21 am12:21 pm6:20 pm,28006,178345,1709299.0,,21184.0,15698.0,1887644
20,Thu Jul 23 2020,12:21 am6:21 am12:21 pm6:21 pm,18709,177887,1681751.0,,21184.0,15663.0,1859638
21,Wed Jul 22 2020,12:21 am6:19 am12:19 pm6:21 pm,22974,177645,1663284.0,,21184.0,15640.0,1840929
22,Tue Jul 21 2020,12:20 am6:21 am12:23 pm6:19 pm,15081,177256,1640699.0,,21099.0,15616.0,1817955
23,Mon Jul 20 2020,12:19 am6:20 am12:20 pm6:20 pm,11737,176963,1625911.0,,21058.0,15594.0,1802874
24,Sun Jul 19 2020,12:18 am12:20 pm6:19 pm,9687,176783,1614354.0,,21064.0,15584.0,1791137
25,Sat Jul 18 2020,12:18 am6:20 am12:19 pm6:20 pm,12522,176814,1604636.0,,21064.0,15577.0,1781450
26,Fri Jul 17 2020,12:19 am6:21 am12:18 pm6:19 pm,9024,176551,1592377.0,,21003.0,15562.0,1768928
27,Thu Jul 16 2020,12:19 am6:18 am12:19 pm6:20 pm,17557,176501,1583403.0,,20774.0,15543.0,1759904
28,Wed Jul 15 2020,12:18 am6:20 am12:18 pm6:18 pm,21116,176278,1566069.0,,20774.0,15512.0,1742347
29,Tue Jul 14 2020,12:19 am6:20 am12:19 pm6:24 pm,20846,175915,1545316.0,,20632.0,15487.0,1721231
30,Mon Jul 13 2020,12:19 am6:19 am12:17 pm6:19 pm,14781,175522,1524863.0,,20632.0,15465.0,1700385
31,Sun Jul 12 2020,12:18 am6:18 am6:20 pm,24320,175298,1510306.0,,20632.0,15446.0,1685604
32,Sat Jul 11 2020,12:22 am6:20 am12:17 pm6:17 pm,38126,174959,1486325.0,,20632.0,15430.0,1661284
33,Fri Jul 10 2020,12:19 am6:20 am12:20 pm6:18 pm,23741,174628,1448530.0,,20567.0,15384.0,1623158
34,Thu Jul 9 2020,12:17 am6:18 am12:19 pm6:18 pm,21569,174240,1425177.0,,20505.0,15353.0,1599417
35,Wed Jul 8 2020,12:18 am6:18 am12:18 pm6:17 pm,17715,174039,1403809.0,,20426.0,15328.0,1577848
36,Tue Jul 7 2020,12:47 am6:50 am12:46 pm,10924,173878,1386255.0,,20246.0,15276.0,1560133
37,Mon Jul 6 2020,12:48 am6:46 am12:51 pm6:48 pm,14569,173611,1375598.0,,20237.0,15223.0,1549209
38,Sun Jul 5 2020,12:47 am6:48 am12:45 pm6:51 pm,26092,173402,1361238.0,,20237.0,15204.0,1534640
39,Sat Jul 4 2020,12:46 am6:46 am12:45 pm6:56 pm,23047,173033,1335515.0,,20233.0,15182.0,1508548
40,Fri Jul 3 2020,6:48 am12:49 pm6:46 pm,21588,172742,1312759.0,,20214.0,15157.0,1485501
41,Thu Jul 2 2020,12:47 am6:48 am12:45 pm6:46 pm,20976,172356,1291557.0,,20141.0,15099.0,1463913
42,Wed Jul 1 2020,12:46 am6:48 am12:45 pm,20563,171928,1271009.0,,20054.0,15072.0,1442937
43,Tue Jun 30 2020,12:45 am6:43 am12:46 pm6:43 pm,18390,171667,1250707.0,,19847.0,15029.0,1422374
44,Mon Jun 29 2020,12:44 am6:46 am12:44 pm6:45 pm,16151,171272,1232712.0,,19847.0,14986.0,1403984
45,Sun Jun 28 2020,12:44 am6:44 am12:45 pm6:44 pm,20583,171182,1216651.0,,19841.0,14967.0,1387833
46,Sat Jun 27 2020,12:45 am6:51 am12:44 pm6:43 pm,20578,170873,1196377.0,,19823.0,14940.0,1367250
47,Fri Jun 26 2020,12:43 am6:47 am6:46 pm,25762,170584,1176088.0,,19752.0,14904.0,1346672
48,Thu Jun 25 2020,12:44 am6:47 am12:46 pm6:44 pm,21265,170196,1150714.0,,19668.0,14861.0,1320910
49,Wed Jun 24 2020,12:43 am6:44 am12:45 pm6:43 pm,16194,169892,1129753.0,,19598.0,14838.0,1299645
50,Tue Jun 23 2020,12:46 am6:44 am12:45 pm6:42 pm,16052,169734,1113717.0,,19512.0,14792.0,1283451
51,Mon Jun 22 2020,12:42 am6:42 am12:43 pm6:45 pm,22432,169415,1097984.0,,19401.0,14736.0,1267399
52,Sun Jun 21 2020,12:43 am6:41 am12:43 pm6:43 pm,26094,169142,1075825.0,,19267.0,14708.0,1244967
53,Sat Jun 20 2020,12:45 am6:44 am12:41 pm6:43 pm,24530,168834,1050039.0,,19267.0,14693.0,1218873
54,Fri Jun 19 2020,12:44 am6:45 am12:44 pm6:44 pm,22609,168496,1025847.0,,19267.0,14670.0,1194343
55,Thu Jun 18 2020,12:44 am6:43 am12:46 pm6:40 pm,23893,168107,1003627.0,,19010.0,14635.0,1171734
56,Wed Jun 17 2020,12:44 am6:45 am12:44 pm6:45 pm,16059,167703,980138.0,,19010.0,14603.0,1147841
57,Tue Jun 16 2020,12:44 am6:42 am12:45 pm6:41 pm,15699,167426,964356.0,,18879.0,14561.0,1131782
58,Mon Jun 15 2020,12:42 am6:44 am12:44 pm6:41 pm,18467,167103,948980.0,,18755.0,14508.0,1116083
59,Sun Jun 14 2020,12:42 am6:44 am12:45 pm6:41 pm,19401,166881,930735.0,,18737.0,14456.0,1097616
60,Sat Jun 13 2020,12:44 am6:45 am12:43 pm6:44 pm,22819,166605,911610.0,,18707.0,14419.0,1078215
61,Fri Jun 12 2020,12:43 am6:45 am12:44 pm6:44 pm,24603,166164,889232.0,,18607.0,14316.0,1055396
62,Thu Jun 11 2020,12:43 am6:45 am12:43 pm6:41 pm,21859,165816,864977.0,,18492.0,14266.0,1030793
63,Wed Jun 10 2020,12:41 am6:43 am12:43 pm6:41 pm,19437,165346,843588.0,,18223.0,14199.0,1008934
64,Tue Jun 9 2020,12:43 am6:42 am12:48 pm6:42 pm,14408,164796,824701.0,,18069.0,14123.0,989497
65,Mon Jun 8 2020,12:41 am6:42 am12:48 pm6:48 pm,14664,164497,810592.0,,18050.0,14030.0,975089
66,Sun Jun 7 2020,12:40 am6:44 am12:41 pm6:41 pm,17409,164164,796261.0,,18050.0,13991.0,960425
67,Sat Jun 6 2020,12:46 am6:40 am12:43 pm6:47 pm,24125,163893,779123.0,,18023.0,13920.0,943016
68,Fri Jun 5 2020,12:39 am6:40 am12:40 pm,61162,163336,755555.0,,17880.0,13862.0,918891
69,Thu Jun 4 2020,12:40 am6:40 am12:39 pm6:39 pm,20309,162530,695199.0,,17604.0,13780.0,857729
70,Wed Jun 3 2020,12:40 am6:39 am12:44 pm6:41 pm,19743,162068,675352.0,,17390.0,13685.0,837420
71,Tue Jun 2 2020,12:42 am6:42 am12:39 pm6:40 pm,22077,161545,656132.0,,17390.0,13573.0,817677
72,Mon Jun 1 2020,12:40 am6:42 am12:38 pm6:39 pm,49455,160918,634682.0,,17222.0,13520.0,795600
73,Sun May 31 2020,12:39 am6:39 am12:42 pm6:42 pm,837,160445,585700.0,,17197.0,13493.0,746145
74,Sat May 30 2020,12:40 am6:39 am12:39 pm6:39 pm,28897,159608,585700.0,,17121.0,13425.0,745308
75,Fri May 29 2020,12:40 am6:38 am7:16 pm,30554,158844,557567.0,,16960.0,13319.0,716411
76,Thu May 28 2020,6:42 am12:39 pm6:39 pm,25532,157815,528042.0,,16778.0,13184.0,685857
77,Wed May 27 2020,12:47 am6:39 am6:42 pm,24433,156628,503697.0,,16597.0,13117.0,660325
78,Tue May 26 2020,12:40 am6:41 am12:39 pm6:39 pm,12095,155764,480128.0,,16373.0,12965.0,635892
79,Mon May 25 2020,12:38 am6:38 am12:39 pm6:38 pm,19990,155092,468705.0,,,12912.0,623797
80,Sun May 24 2020,12:40 am6:37 am12:43 pm6:41 pm,25072,154154,449653.0,,,12896.0,603807
81,Sat May 23 2020,12:41 am6:39 am12:38 pm6:39 pm,23421,153104,425631.0,,,12842.0,578735
82,Fri May 22 2020,12:43 am6:43 am12:44 pm6:46 pm,11040,152719,402595.0,,,12743.0,555314
83,Thu May 21 2020,12:40 am6:38 am12:38 pm6:41 pm,12931,151472,392802.0,,,12594.0,544274
84,Wed May 20 2020,12:44 am6:40 am12:38 pm6:40 pm,11161,150399,380944.0,,,12492.0,531343
85,Tue May 19 2020,12:39 am6:39 am12:41 pm6:40 pm,14613,149013,371169.0,,,12322.0,520182
86,Mon May 18 2020,12:41 am6:39 am12:39 pm6:43 pm,18004,148039,357530.0,,,12170.0,505569
87,Sun May 17 2020,12:39 am6:40 am12:40 pm6:42 pm,12341,146334,341231.0,,,12085.0,487565
88,Sat May 16 2020,12:40 am6:40 am12:39 pm6:40 pm,12252,145089,330135.0,,,11975.0,475224
89,Fri May 15 2020,12:40 am6:39 am12:41 pm6:41 pm,11276,143905,319067.0,,,11859.0,462972
90,Thu May 14 2020,12:38 am6:39 am12:41 pm6:41 pm,10246,142704,308992.0,,,11662.0,451696
91,Wed May 13 2020,12:39 am6:37 am12:41 pm6:39 pm,8390,141560,299890.0,,,11409.0,441450
92,Tue May 12 2020,12:39 am6:38 am12:39 pm6:38 pm,7127,140743,292317.0,,,11206.0,433060
93,Mon May 11 2020,12:17 am6:15 am12:16 pm6:45 pm,113486,139945,285988.0,,,10994.0,425933
94,Sun May 10 2020,12:17 am6:15 am12:15 pm6:16 pm,7241,138532,173915.0,591.0,,10933.0,312447
95,Sat May 9 2020,12:18 am6:16 am12:17 pm6:16 pm,6447,137085,168121.0,557.0,,10780.0,305206
96,Fri May 8 2020,12:18 am6:16 am12:16 pm6:14 pm,6101,135454,163305.0,553.0,,10602.0,298759
97,Thu May 7 2020,12:17 am6:16 am12:18 pm6:16 pm,3738,133635,159023.0,552.0,,10430.0,292658
98,Wed May 6 2020,12:16 am6:15 am12:18 pm6:16 pm,1297,131890,157030.0,594.0,,10164.0,288920
99,Tue May 5 2020,12:16 am6:16 am12:17 pm6:17 pm,10403,130593,157030.0,550.0,,9840.0,287623
100,Mon May 4 2020,12:16 am6:17 am12:15 pm6:16 pm,2154,128269,148951.0,647.0,,9496.0,277220
101,Sun May 3 2020,12:17 am6:16 am12:16 pm6:14 pm,12754,126744,148322.0,641.0,,9433.0,275066
102,Sat May 2 2020,12:17 am6:17 am12:17 pm6:17 pm,5767,123717,138595.0,676.0,,9279.0,262312
103,Fri May 1 2020,12:16 am6:17 am12:17 pm6:23 pm,8627,121190,135355.0,583.0,,9051.0,256545
104,Thu Apr 30 2020,12:16 pm6:15 pm,6600,118652,129266.0,478.0,,8716.0,247918
105,Wed Apr 29 2020,12:16 am6:16 am6:34 pm,6959,116264,125054.0,617.0,,8233.0,241318
106,Tue Apr 28 2020,12:14 am6:15 am12:16 pm,6584,113856,120503.0,,,7884.0,234359
107,Mon Apr 27 2020,12:16 am6:16 am12:16 pm6:15 pm,4631,111188,116587.0,,,7454.0,227775
108,Sun Apr 26 2020,12:15 am6:15 am12:15 pm6:15 pm,9458,109038,114106.0,,,7311.0,223144
109,Sat Apr 25 2020,12:16 am6:14 am12:15 pm6:15 pm,7724,105523,108163.0,,,7205.0,213686
110,Fri Apr 24 2020,12:15 am6:15 am12:15 pm6:14 pm,5814,102196,103766.0,,,6921.0,205962
111,Thu Apr 23 2020,12:14 am6:14 am12:19 pm6:16 pm,8489,99989,100159.0,,,6640.0,200148
112,Wed Apr 22 2020,12:14 am6:14 am12:15 pm6:14 pm,6833,95865,95794.0,,,6305.0,191659
113,Tue Apr 21 2020,6:13 am12:14 pm6:13 pm,6769,92387,92439.0,,,5962.0,184826
114,Mon Apr 20 2020,6:13 am12:13 pm6:12 pm,7369,88806,89251.0,,,5548.0,178057
115,Sun Apr 19 2020,6:14 am12:13 pm6:12 pm,8152,85301,85387.0,,,5337.0,170688
116,Sat Apr 18 2020,12:13 am6:13 pm,5087,81420,81116.0,,,5165.0,162536
117,Fri Apr 17 2020,12:13 am6:13 am12:13 pm6:13 pm,5619,78467,78982.0,,,4879.0,157449
118,Thu Apr 16 2020,12:13 am12:12 pm6:13 pm,7809,75317,76513.0,,,4511.0,151830
119,Wed Apr 15 2020,12:14 am6:12 am12:13 pm6:13 pm,4247,71030,72991.0,,,4088.0,144021
120,Tue Apr 14 2020,6:13 am12:12 pm6:13 pm,10305,68824,70950.0,,,3678.0,139774
121,Mon Apr 13 2020,12:14 am6:12 pm,2734,64584,64885.0,,,3263.0,129469
122,Sun Apr 12 2020,12:12 am6:13 am12:13 pm6:13 pm,6542,61850,64885.0,,,3096.0,126735
123,Sat Apr 11 2020,12:13 am6:12 am12:13 pm6:12 pm,6670,58151,62042.0,,,2854.0,120193
124,Fri Apr 10 2020,12:12 am10:41 am6:15 pm,6331,54588,58935.0,,,2529.0,113523
125,Thu Apr 9 2020,9:47 am12:12 pm6:48 pm,6776,51027,56165.0,,,2241.0,107192
126,Wed Apr 8 2020,,5442,47437,52979.0,,,1974.0,100416
127,Tue Apr 7 2020,12:12 am6:12 am12:13 pm,5942,44416,50558.0,,,1633.0,94974
128,Mon Apr 6 2020,12:11 am6:13 am12:12 pm6:13 pm,6866,41090,47942.0,,,1337.0,89032
129,Sun Apr 5 2020,12:11 am6:10 am12:12 pm6:12 pm,6810,37505,44661.0,,,1185.0,82166
130,Sat Apr 4 2020,12:11 am12:11 pm6:11 pm,7853,34124,41232.0,,,1059.0,75356
131,Fri Apr 3 2020,12:11 am6:10 am12:11 pm6:11 pm,8393,29895,37608.0,,,817.0,67503
132,Thu Apr 2 2020,6:11 am12:11 pm6:12 pm,6468,25590,33520.0,,,681.0,59110
133,Wed Apr 1 2020,12:14 am6:10 am12:10 pm6:09 pm,6869,22255,30387.0,,,476.0,52642
134,Tue Mar 31 2020,12:13 am6:10 am12:11 pm6:11 pm,3913,18696,27077.0,,,366.0,45773
135,Mon Mar 30 2020,6:10 am12:10 pm6:10 pm,6258,16636,25224.0,,,268.0,41860
136,Sun Mar 29 2020,1:10 am4:11 pm7:10 pm,5092,13386,22216.0,,,219.0,35602
137,Sat Mar 28 2020,1:11 am4:12 pm7:12 pm,5138,11124,19386.0,,,192.0,30510
138,Fri Mar 27 2020,4:10 pm7:10 pm,4835,8825,16547.0,,,141.0,25372
139,Thu Mar 26 2020,1:10 am2:10 pm,5683,6876,13661.0,,,109.0,20537
140,Wed Mar 25 2020,12:50 am2:07 pm7:08 pm,2854,4402,10452.0,,,81.0,14854
141,Tue Mar 24 2020,1:06 am2:06 pm7:07 pm,8797,3675,8325.0,45.0,,60.0,12000
142,Mon Mar 23 2020,1:07 am2:09 pm7:09 pm,962,2844,359.0,94.0,,40.0,3203
143,Sun Mar 22 2020,1:06 am2:08 pm7:08 pm,620,1914,327.0,49.0,,29.0,2241
144,Sat Mar 21 2020,1:07 am2:08 pm7:06 pm,467,1327,294.0,40.0,,22.0,1621
145,Fri Mar 20 2020,1:05 am2:08 pm7:16 pm,202,890,264.0,86.0,,16.0,1154
146,Thu Mar 19 2020,1:05 am2:07 pm7:05 pm,335,742,210.0,74.0,,13.0,952
147,Wed Mar 18 2020,1:04 am2:16 pm7:05 pm,187,427,190.0,21.0,,7.0,617
148,Tue Mar 17 2020,11:10 pm2:15 pm6:04 pm,132,267,163.0,55.0,,4.0,430
149,Mon Mar 16 2020,10:59 am,80,178,120.0,20.0,,2.0,298
150,Sun Mar 15 2020,2:19 am4:37 pm,71,98,120.0,34.0,,2.0,218
151,Sat Mar 14 2020,,0,50,97.0,80.0,,1.0,147
152,Fri Mar 13 2020,,43,50,97.0,80.0,,1.0,147
153,Thu Mar 12 2020,,23,30,74.0,20.0,,1.0,104
154,Wed Mar 11 2020,,22,24,57.0,20.0,,1.0,81
155,Tue Mar 10 2020,,13,15,44.0,20.0,,,59
156,Mon Mar 9 2020,,9,11,35.0,14.0,,,46
157,Sun Mar 8 2020,,33,6,31.0,0.0,,,37
158,Sat Mar 7 2020,,3,4,,1.0,,,4
159,Fri Mar 6 2020,,0,1,,,,,1
160,Thu Mar 5 2020,,0,1,,,,,1
