,Date,Screenshots (ET),New Tests,Cases,Negative,Pending,Hospitalized,Deaths,Total
0,Wed Aug 12 2020,12:26 am6:26 am12:31 pm6:25 pm,18908,126393,1633299.0,,5554.0,1289.0,1759692
1,Tue Aug 11 2020,12:27 am6:26 am12:29 pm6:25 pm,12877,124915,1615869.0,,5464.0,1271.0,1740784
2,Mon Aug 10 2020,12:27 am6:25 am12:26 pm6:26 pm,14787,123914,1603993.0,,5339.0,1233.0,1727907
3,Sun Aug 9 2020,12:26 am6:28 am12:26 pm6:29 pm,27634,122712,1590408.0,,5304.0,1223.0,1713120
4,Sat Aug 8 2020,12:27 am6:26 am12:26 pm6:25 pm,23454,120585,1564901.0,,5262.0,1215.0,1685486
5,Fri Aug 7 2020,12:28 am6:29 am12:27 pm6:26 pm,26841,118782,1543250.0,,5190.0,1206.0,1662032
6,Thu Aug 6 2020,12:25 am6:27 am12:28 pm6:27 pm,23146,116350,1518841.0,,5109.0,1186.0,1635191
7,Wed Aug 5 2020,12:25 am6:26 am12:28 pm6:27 pm,19395,114098,1497947.0,,5001.0,1144.0,1612045
8,Tue Aug 4 2020,12:26 am6:24 am12:27 pm6:31 pm,18117,112441,1480209.0,,4900.0,1117.0,1592650
9,Mon Aug 3 2020,12:25 am6:24 am12:27 pm6:27 pm,12235,110636,1463897.0,,4808.0,1092.0,1574533
10,Sun Aug 2 2020,12:23 am6:28 am12:27 pm6:27 pm,19445,109627,1452671.0,,4756.0,1073.0,1562298
11,Sat Aug 1 2020,12:25 am6:27 am12:25 pm6:26 pm,29448,108184,1434669.0,,4724.0,1067.0,1542853
12,Fri Jul 31 2020,12:24 am6:26 am12:26 pm6:26 pm,32593,105959,1407446.0,,4661.0,1060.0,1513405
13,Thu Jul 30 2020,12:25 am6:23 am12:25 pm6:24 pm,24573,102871,1377941.0,,4572.0,1033.0,1480812
14,Wed Jul 29 2020,12:24 am6:25 am12:25 pm6:25 pm,44787,100822,1355417.0,,4482.0,1020.0,1456239
15,Tue Jul 28 2020,12:25 am6:26 am12:24 pm6:28 pm,0,96489,1314963.0,,4280.0,978.0,1411452
16,Mon Jul 27 2020,12:24 am6:25 am12:26 pm6:25 pm,28600,96489,1314963.0,,4280.0,978.0,1411452
17,Sun Jul 26 2020,12:25 am6:25 am12:25 pm6:31 pm,50478,93936,1288916.0,,4244.0,967.0,1382852
18,Sat Jul 25 2020,12:25 am6:25 am12:24 pm6:25 pm,9761,90796,1241578.0,,4196.0,964.0,1332374
19,Fri Jul 24 2020,12:28 am6:27 am12:28 pm6:27 pm,26628,89078,1233535.0,,4120.0,938.0,1322613
20,Thu Jul 23 2020,12:27 am6:28 am12:27 pm6:28 pm,32157,86987,1208998.0,,4016.0,925.0,1295985
21,Wed Jul 22 2020,12:28 am6:25 am12:26 pm6:27 pm,25595,84417,1179411.0,,3907.0,888.0,1263828
22,Tue Jul 21 2020,12:27 am6:28 am12:31 pm6:25 pm,23066,81944,1156289.0,,3798.0,871.0,1238233
23,Mon Jul 20 2020,12:26 am6:27 am12:27 pm6:26 pm,17870,79754,1135413.0,,3712.0,847.0,1215167
24,Sun Jul 19 2020,12:26 am6:26 am12:26 pm6:26 pm,23645,78115,1119182.0,,3681.0,843.0,1197297
25,Sat Jul 18 2020,12:25 am6:27 am12:26 pm6:26 pm,22980,76336,1097316.0,,3649.0,838.0,1173652
26,Fri Jul 17 2020,12:26 am6:28 am12:25 pm6:25 pm,26975,73819,1076853.0,,3562.0,815.0,1150672
27,Thu Jul 16 2020,12:26 am6:25 am12:26 pm6:26 pm,26024,71540,1052157.0,,3497.0,796.0,1123697
28,Wed Jul 15 2020,12:24 am6:27 am12:24 pm6:24 pm,25785,69061,1028612.0,,3434.0,783.0,1097673
29,Tue Jul 14 2020,12:25 am6:27 am12:26 pm6:30 pm,17927,66788,1005100.0,,3378.0,767.0,1071888
30,Mon Jul 13 2020,12:25 am6:26 am12:25 pm6:25 pm,35946,65274,988687.0,,3284.0,749.0,1053961
31,Sun Jul 12 2020,12:25 am6:24 am12:26 pm6:28 pm,10901,61960,956055.0,,3250.0,741.0,1018015
32,Sat Jul 11 2020,12:29 am6:27 am12:24 pm6:23 pm,12539,61006,946108.0,,3193.0,738.0,1007114
33,Fri Jul 10 2020,12:25 am6:26 am12:26 pm6:24 pm,21861,59546,935029.0,,3146.0,723.0,994575
34,Thu Jul 9 2020,12:24 am6:24 am12:25 pm6:25 pm,21755,57591,915123.0,,3088.0,710.0,972714
35,Wed Jul 8 2020,12:23 am6:24 am12:24 pm6:23 pm,29760,55986,894973.0,,3023.0,685.0,950959
36,Tue Jul 7 2020,12:53 am6:57 am,16581,53514,867685.0,,2950.0,665.0,921199
37,Mon Jul 6 2020,12:54 am6:52 am,8452,52155,852463.0,,2897.0,653.0,904618
38,Sun Jul 5 2020,12:53 am6:54 am12:51 pm6:56 pm,17562,51431,844735.0,,2871.0,646.0,896166
39,Sat Jul 4 2020,12:52 am6:52 am12:52 pm7:02 pm,16115,50140,828464.0,,2860.0,637.0,878604
40,Fri Jul 3 2020,6:54 am12:56 pm6:52 pm,24035,48712,813777.0,,2825.0,633.0,862489
41,Thu Jul 2 2020,12:53 am6:54 am12:51 pm6:52 pm,20568,46890,791564.0,,2775.0,620.0,838454
42,Wed Jul 1 2020,12:52 am6:52 am12:51 pm6:50 pm,24759,45315,772571.0,,2715.0,609.0,817886
43,Tue Jun 30 2020,12:51 am6:49 am12:51 pm6:49 pm,15921,43509,749618.0,,2665.0,604.0,793127
44,Mon Jun 29 2020,12:51 am6:52 am12:50 pm6:50 pm,28653,42297,734909.0,,2599.0,592.0,777206
45,Sun Jun 28 2020,12:50 am6:49 am12:51 pm6:50 pm,0,40172,708381.0,,2564.0,584.0,748553
46,Sat Jun 27 2020,12:50 am6:56 am12:50 pm6:49 pm,6521,40172,708381.0,,2564.0,584.0,748553
47,Fri Jun 26 2020,12:50 am6:53 am12:48 pm6:52 pm,14483,39444,702588.0,,2498.0,577.0,742032
48,Thu Jun 25 2020,12:49 am6:52 am12:52 pm6:51 pm,9245,38034,689515.0,,2431.0,567.0,727549
49,Wed Jun 24 2020,12:49 am6:50 am12:50 pm6:49 pm,12885,37235,681069.0,,2386.0,556.0,718304
50,Tue Jun 23 2020,12:52 am6:50 am12:50 pm6:47 pm,5314,36303,669116.0,,2336.0,542.0,705419
51,Mon Jun 22 2020,12:48 am6:48 am12:48 pm6:51 pm,14476,35553,664552.0,,2301.0,531.0,700105
52,Sun Jun 21 2020,12:49 am6:47 am12:48 pm6:48 pm,10289,35102,650527.0,,2291.0,526.0,685629
53,Sat Jun 20 2020,12:50 am6:49 am12:47 pm6:49 pm,13651,34446,640894.0,,2266.0,524.0,675340
54,Fri Jun 19 2020,12:49 am6:51 am12:49 pm6:49 pm,9295,34017,627672.0,,2238.0,515.0,661689
55,Thu Jun 18 2020,12:50 am6:49 am12:51 pm6:46 pm,7821,32829,619565.0,,2209.0,509.0,652394
56,Wed Jun 17 2020,12:50 am6:50 am12:50 pm6:52 pm,5583,32143,612430.0,,2180.0,497.0,644573
57,Tue Jun 16 2020,12:51 am6:49 am12:52 pm6:46 pm,9012,31830,607160.0,,2146.0,493.0,638990
58,Mon Jun 15 2020,12:49 am6:50 am12:50 pm6:47 pm,14758,31160,598818.0,,2106.0,483.0,629978
59,Sun Jun 14 2020,12:47 am6:50 am12:51 pm6:47 pm,13858,30432,584788.0,,2087.0,475.0,615220
60,Sat Jun 13 2020,12:51 am6:51 am12:48 pm6:49 pm,11189,29541,571821.0,,2073.0,472.0,601362
61,Fri Jun 12 2020,12:49 am6:51 am12:49 pm6:49 pm,54879,29126,561047.0,,2049.0,468.0,590173
62,Thu Jun 11 2020,12:49 am6:51 am12:49 pm6:47 pm,6467,28538,506756.0,,2011.0,441.0,535294
63,Wed Jun 10 2020,12:47 am6:49 am12:49 pm6:48 pm,7630,28061,500766.0,,1990.0,436.0,528827
64,Tue Jun 9 2020,12:49 am6:47 am12:53 pm6:47 pm,8434,27575,493622.0,,1974.0,435.0,521197
65,Mon Jun 8 2020,12:46 am6:47 am12:53 pm6:55 pm,13995,26944,485819.0,,1948.0,421.0,512763
66,Sun Jun 7 2020,12:44 am6:49 am12:46 pm6:46 pm,7347,26381,472387.0,,1932.0,418.0,498768
67,Sat Jun 6 2020,12:51 am6:44 am12:48 pm6:52 pm,9249,26071,465350.0,,1923.0,417.0,491421
68,Fri Jun 5 2020,12:45 am6:45 am12:44 pm6:52 pm,6034,25520,456652.0,,1893.0,408.0,482172
69,Thu Jun 4 2020,12:45 am6:44 am12:43 pm6:44 pm,5359,25120,451018.0,,1855.0,401.0,476138
70,Wed Jun 3 2020,12:44 am6:44 am12:48 pm6:46 pm,8643,24822,445957.0,,1829.0,388.0,470779
71,Tue Jun 2 2020,12:48 am6:47 am12:44 pm6:45 pm,13643,24375,437761.0,,1792.0,381.0,462136
72,Mon Jun 1 2020,12:46 am6:47 am12:43 pm6:44 pm,12516,23554,424939.0,,1767.0,367.0,448493
73,Sun May 31 2020,12:44 am6:44 am12:47 pm6:46 pm,8931,23006,412971.0,,1750.0,364.0,435977
74,Sat May 30 2020,12:45 am6:44 am12:43 pm6:44 pm,5079,22566,404480.0,,1732.0,364.0,427046
75,Fri May 29 2020,12:44 am7:21 pm,5978,22085,399882.0,,1710.0,360.0,421967
76,Thu May 28 2020,12:45 am6:46 am12:43 pm6:43 pm,6359,21679,394310.0,,1689.0,356.0,415989
77,Wed May 27 2020,12:52 am6:44 am12:54 pm6:46 pm,6126,21306,388324.0,,1647.0,353.0,409630
78,Tue May 26 2020,12:49 am6:45 am12:43 pm6:44 pm,7285,20965,382539.0,,1609.0,343.0,403504
79,Mon May 25 2020,12:43 am6:42 am12:44 pm6:43 pm,12643,20607,375612.0,,1594.0,338.0,396219
80,Sun May 24 2020,12:44 am6:41 am12:48 pm6:46 pm,9818,20145,363431.0,,1583.0,336.0,383576
81,Sat May 23 2020,12:47 am6:45 am12:43 pm6:44 pm,5588,19789,353969.0,,1573.0,329.0,373758
82,Fri May 22 2020,12:48 am6:48 am12:50 pm6:51 pm,7587,19394,348776.0,,1560.0,315.0,368170
83,Thu May 21 2020,12:44 am6:43 am12:43 pm6:45 pm,6570,18961,341622.0,,1539.0,313.0,360583
84,Wed May 20 2020,12:49 am6:44 am12:44 pm6:44 pm,7890,18532,335481.0,,1515.0,309.0,354013
85,Tue May 19 2020,12:43 am6:43 am12:46 pm6:45 pm,8695,18378,327745.0,,1498.0,305.0,346123
86,Mon May 18 2020,12:46 am6:44 am12:44 pm6:49 pm,12148,18011,319417.0,,1489.0,301.0,337428
87,Sun May 17 2020,12:44 am6:45 am12:45 pm6:46 pm,5079,17388,307892.0,,1482.0,298.0,325280
88,Sat May 16 2020,12:44 am6:45 am12:44 pm6:45 pm,10445,17288,302913.0,,1474.0,295.0,320201
89,Fri May 15 2020,12:45 am6:43 am12:46 pm6:46 pm,7439,16970,292786.0,,1454.0,290.0,309756
90,Thu May 14 2020,12:42 am6:44 am12:47 pm6:46 pm,9400,16699,285618.0,,1435.0,287.0,302317
91,Wed May 13 2020,12:44 am6:43 am12:46 pm6:43 pm,9093,16370,276547.0,,1388.0,273.0,292917
92,Tue May 12 2020,12:43 am6:43 am12:43 pm6:43 pm,10547,16111,267713.0,,1363.0,265.0,283824
93,Mon May 11 2020,12:22 am6:20 am12:20 pm6:50 pm,11408,15544,257733.0,,1344.0,251.0,273277
94,Sun May 10 2020,12:21 am6:19 am12:20 pm6:20 pm,9121,14985,246884.0,,1325.0,243.0,261869
95,Sat May 9 2020,12:22 am6:20 am12:22 pm6:20 pm,9170,14768,237980.0,,1319.0,242.0,252748
96,Fri May 8 2020,12:23 am6:20 am12:21 pm6:18 pm,7250,14441,229137.0,,1299.0,241.0,243578
97,Thu May 7 2020,12:21 am6:20 am12:22 pm6:20 pm,9227,14096,222232.0,,1266.0,237.0,236328
98,Wed May 6 2020,12:21 am6:19 am12:22 pm6:20 pm,8239,13938,213163.0,,1221.0,239.0,227101
99,Tue May 5 2020,12:21 am6:20 am12:21 pm6:21 pm,7419,13690,205172.0,,1156.0,226.0,218862
100,Mon May 4 2020,12:21 am6:22 am12:20 pm6:20 pm,6836,13571,197872.0,,1143.0,219.0,211443
101,Sun May 3 2020,12:22 am6:20 am12:21 pm6:18 pm,8331,13177,191430.0,,1135.0,210.0,204607
102,Sat May 2 2020,12:21 am6:21 am12:21 pm6:22 pm,10144,12661,183615.0,,1125.0,209.0,196276
103,Fri May 1 2020,12:20 am6:22 am12:21 pm6:27 pm,8506,11891,174241.0,,1113.0,204.0,186132
104,Thu Apr 30 2020,12:20 pm6:19 pm,9077,10735,166891.0,,1045.0,199.0,177626
105,Wed Apr 29 2020,12:20 am6:20 am6:38 pm,6621,10366,158183.0,,1013.0,195.0,168549
106,Tue Apr 28 2020,12:18 am6:19 am12:20 pm,7526,10052,151876.0,,894.0,188.0,161928
107,Mon Apr 27 2020,12:20 am6:20 am12:21 pm6:19 pm,6928,9918,144484.0,,837.0,184.0,154402
108,Sun Apr 26 2020,12:19 am6:20 am12:19 pm6:20 pm,6068,9667,137807.0,,828.0,181.0,147474
109,Sat Apr 25 2020,12:20 am6:18 am12:20 pm6:19 pm,10078,9189,132217.0,,821.0,178.0,141406
110,Fri Apr 24 2020,12:18 am6:19 am12:19 pm6:18 pm,8228,8726,122602.0,,808.0,168.0,131328
111,Thu Apr 23 2020,12:18 am6:18 am12:23 pm6:19 pm,8120,8266,114834.0,,793.0,170.0,123100
112,Wed Apr 22 2020,12:18 am6:18 am12:19 pm6:17 pm,6798,7842,107138.0,,775.0,166.0,114980
113,Tue Apr 21 2020,6:17 am12:18 pm6:17 pm,7493,7394,100788.0,,760.0,157.0,108182
114,Mon Apr 20 2020,6:17 am12:17 pm6:16 pm,3591,7238,93451.0,,730.0,152.0,100689
115,Sun Apr 19 2020,6:19 am12:17 pm6:16 pm,6512,7070,90028.0,,724.0,148.0,97098
116,Sat Apr 18 2020,12:16 am6:16 pm,3313,6762,83824.0,,719.0,145.0,90586
117,Fri Apr 17 2020,12:16 am6:16 am12:17 pm6:16 pm,2224,6589,80684.0,,711.0,142.0,87273
118,Thu Apr 16 2020,12:16 am12:17 pm6:16 pm,4153,6262,78787.0,,691.0,141.0,85049
119,Wed Apr 15 2020,12:17 am6:15 am12:16 pm6:17 pm,2065,6079,74817.0,,663.0,135.0,80896
120,Tue Apr 14 2020,6:15 am12:14 pm6:16 pm,2636,5823,73008.0,,633.0,124.0,78831
121,Mon Apr 13 2020,12:16 am12:20 pm6:16 pm,5518,5610,70585.0,,579.0,109.0,76195
122,Sun Apr 12 2020,12:14 am6:16 am12:16 pm6:16 pm,3849,5308,65369.0,,567.0,101.0,70677
123,Sat Apr 11 2020,12:15 am6:14 am12:15 pm6:14 pm,4029,5114,61714.0,,556.0,101.0,66828
124,Fri Apr 10 2020,12:14 am10:44 am6:17 pm,2950,4862,57937.0,,536.0,98.0,62799
125,Thu Apr 9 2020,9:49 am12:14 pm6:50 pm,3231,4634,55215.0,,505.0,94.0,59849
126,Wed Apr 8 2020,,3744,4362,52256.0,,449.0,79.0,56618
127,Tue Apr 7 2020,12:14 am6:14 am12:15 pm6:15 pm,5524,4138,48736.0,,408.0,72.0,52874
128,Mon Apr 6 2020,12:14 am6:15 am12:14 pm6:16 pm,2050,3802,43548.0,,352.0,65.0,47350
129,Sun Apr 5 2020,12:13 am6:12 am12:14 pm6:14 pm,3909,3633,41667.0,,328.0,44.0,45300
130,Sat Apr 4 2020,12:13 am6:15 am12:14 pm6:13 pm,3552,3321,38070.0,,311.0,43.0,41391
131,Fri Apr 3 2020,12:13 am6:12 am12:14 pm6:13 pm,3228,3067,34772.0,,293.0,37.0,37839
132,Thu Apr 2 2020,12:14 am6:13 am12:14 pm6:15 pm,2159,2845,31766.0,,263.0,32.0,34611
133,Wed Apr 1 2020,12:17 am6:12 am12:14 pm6:12 pm,5092,2683,29769.0,,200.0,24.0,32452
134,Tue Mar 31 2020,12:16 am6:12 am12:13 pm6:13 pm,4056,2239,25121.0,,175.0,23.0,27360
135,Mon Mar 30 2020,6:13 am12:12 pm6:13 pm,2730,1834,21470.0,,148.0,13.0,23304
136,Sun Mar 29 2020,1:12 am4:13 pm7:12 pm,2236,1537,19037.0,,133.0,7.0,20574
137,Sat Mar 28 2020,1:13 am4:14 pm7:15 pm,2247,1373,16965.0,,118.0,6.0,18338
138,Fri Mar 27 2020,4:13 pm7:12 pm,1182,1203,14888.0,,103.0,6.0,16091
139,Thu Mar 26 2020,1:12 am2:12 pm,3113,957,13952.0,,76.0,3.0,14909
140,Wed Mar 25 2020,12:52 am2:10 pm7:10 pm,612,784,11012.0,,53.0,3.0,11796
141,Tue Mar 24 2020,1:08 am2:09 pm7:10 pm,7297,667,10517.0,,,2.0,11184
142,Mon Mar 23 2020,1:09 am2:11 pm7:11 pm,110,615,3272.0,,,2.0,3887
143,Sun Mar 22 2020,1:08 am2:11 pm7:10 pm,134,505,3272.0,,,,3777
144,Sat Mar 21 2020,1:10 am2:10 pm7:08 pm,2852,371,3272.0,,,,3643
145,Fri Mar 20 2020,1:07 am2:12 pm7:18 pm,288,228,563.0,,,,791
146,Thu Mar 19 2020,1:06 am2:09 pm7:07 pm,56,154,349.0,,,,503
147,Wed Mar 18 2020,1:06 am2:25 pm,44,98,349.0,,,,447
148,Tue Mar 17 2020,11:12 pm2:17 pm6:07 pm,81,73,330.0,,,,403
149,Mon Mar 16 2020,11:01 am,126,52,270.0,,,,322
150,Sun Mar 15 2020,2:20 am4:40 pm,34,39,157.0,,,,196
151,Sat Mar 14 2020,,20,32,130.0,,,,162
152,Fri Mar 13 2020,,45,26,116.0,,,,142
153,Thu Mar 12 2020,,40,18,79.0,,,,97
154,Wed Mar 11 2020,,50,7,50.0,,,,57
155,Tue Mar 10 2020,,4,7,,,,,7
156,Mon Mar 9 2020,,0,3,,,,,3
157,Sun Mar 8 2020,,2,3,,,,,3
158,Sat Mar 7 2020,,0,1,,,,,1
159,Fri Mar 6 2020,,0,1,,,,,1
160,Thu Mar 5 2020,,0,1,,,,,1
