,Date,Screenshots (ET),New Tests,Cases,Negative,Pending,Hospitalized,Deaths,Total
0,Wed Aug 12 2020,12:22 am6:23 am12:28 pm,17512,121130,1271976.0,,,7385.0,1393106
1,Tue Aug 11 2020,12:23 am6:23 am12:25 pm6:22 pm,15311,120281,1255313.0,,,7352.0,1375594
2,Mon Aug 10 2020,12:23 am6:22 am12:23 pm6:22 pm,13073,119453,1240830.0,,,7317.0,1360283
3,Sun Aug 9 2020,12:23 am6:24 am6:25 pm,14153,118852,1228358.0,,,7314.0,1347210
4,Sat Aug 8 2020,12:24 am6:23 am12:21 pm6:22 pm,16158,118092,1214965.0,,,7313.0,1333057
5,Fri Aug 7 2020,12:25 am6:25 am6:22 pm,16648,117279,1199620.0,,,7297.0,1316899
6,Thu Aug 6 2020,12:21 am6:22 am12:23 pm6:23 pm,15526,116521,1183730.0,,,7282.0,1300251
7,Wed Aug 5 2020,12:22 am6:22 am12:24 pm6:23 pm,13196,115714,1169011.0,,,7244.0,1284725
8,Tue Aug 4 2020,12:22 am6:20 am12:23 pm6:27 pm,14960,115009,1156520.0,,,7232.0,1271529
9,Mon Aug 3 2020,12:21 am6:21 am12:23 pm6:23 pm,12000,114155,1142414.0,,,7209.0,1256569
10,Sun Aug 2 2020,12:20 am6:24 am12:23 pm6:23 pm,12247,113590,1130979.0,,,7209.0,1244569
11,Sat Aug 1 2020,12:22 am6:24 am12:21 pm6:22 pm,15450,112936,1119386.0,,,7204.0,1232322
12,Fri Jul 31 2020,12:20 am6:22 am12:23 pm6:23 pm,16935,112048,1104824.0,,,7189.0,1216872
13,Thu Jul 30 2020,12:22 am6:20 am12:22 pm6:20 pm,15856,111078,1088859.0,,,7176.0,1199937
14,Wed Jul 29 2020,12:21 am6:22 am12:22 pm6:22 pm,14921,110218,1073863.0,,,7162.0,1184081
15,Tue Jul 28 2020,12:21 am12:21 pm6:24 pm,18472,109384,1059776.0,,,7146.0,1169160
16,Mon Jul 27 2020,12:21 am6:21 am12:23 pm6:22 pm,14487,108264,1042424.0,,,7122.0,1150688
17,Sun Jul 26 2020,12:21 am6:22 am6:28 pm,12871,107425,1028776.0,,,7118.0,1136201
18,Sat Jul 25 2020,12:22 am6:22 am12:21 pm6:22 pm,18382,106625,1016705.0,,,7114.0,1123330
19,Fri Jul 24 2020,12:24 am6:23 am12:24 pm6:23 pm,19331,105571,999377.0,,,7101.0,1104948
20,Thu Jul 23 2020,6:24 am12:24 pm6:24 pm,14140,104358,981259.0,,,7079.0,1085617
21,Wed Jul 22 2020,12:24 am6:22 am6:24 pm,15714,103396,968081.0,,,7063.0,1071477
22,Tue Jul 21 2020,12:23 am6:24 am12:27 pm6:21 pm,15850,102765,952998.0,,,7038.0,1055763
23,Mon Jul 20 2020,12:22 am6:23 am12:23 pm6:23 pm,12534,101738,938175.0,,,7018.0,1039913
24,Sun Jul 19 2020,12:22 am6:23 am6:22 pm,14652,101027,926352.0,,,7015.0,1027379
25,Sat Jul 18 2020,12:22 pm6:23 pm,13337,100241,912486.0,,,7007.0,1012727
26,Fri Jul 17 2020,6:24 am12:21 pm6:22 pm,15749,99478,899912.0,,,6992.0,999390
27,Thu Jul 16 2020,12:22 am12:22 pm6:23 pm,14992,98446,885195.0,,,6973.0,983641
28,Wed Jul 15 2020,12:21 am6:23 am12:20 pm6:21 pm,21366,97665,870984.0,,,6957.0,968649
29,Tue Jul 14 2020,12:22 am6:23 am12:22 pm6:27 pm,15809,96671,850612.0,,,6931.0,947283
30,Mon Jul 13 2020,12:22 am6:22 am12:21 pm6:21 pm,7190,95742,835732.0,,,6911.0,931474
31,Sun Jul 12 2020,12:21 am6:21 am12:22 pm6:23 pm,11961,95266,829018.0,,,6904.0,924284
32,Sat Jul 11 2020,12:25 am6:23 am12:20 pm6:20 pm,13683,94689,817634.0,,,6897.0,912323
33,Fri Jul 10 2020,12:21 am6:22 am6:20 pm,18617,93876,804764.0,,,6880.0,898640
34,Thu Jul 9 2020,,13497,92867,787156.0,,,6848.0,880023
35,Wed Jul 8 2020,12:20 am6:21 am6:20 pm,16424,92148,774378.0,,,6812.0,866526
36,Tue Jul 7 2020,12:50 am6:54 am12:49 pm,16778,91299,758803.0,,,6787.0,850102
37,Mon Jul 6 2020,12:50 am6:49 am12:54 pm,8624,90304,743020.0,,,6754.0,833324
38,Sun Jul 5 2020,12:50 am6:51 am12:48 pm6:53 pm,9877,89854,734846.0,,,6753.0,824700
39,Sat Jul 4 2020,12:49 am6:49 am12:48 pm6:58 pm,10679,89375,725448.0,,,6749.0,814823
40,Fri Jul 3 2020,6:51 am12:53 pm6:49 pm,13871,88741,715403.0,,,6746.0,804144
41,Thu Jul 2 2020,12:50 am6:51 am12:48 pm6:49 pm,13469,88074,702199.0,,,6712.0,790273
42,Wed Jul 1 2020,12:49 am6:50 am12:48 pm6:47 pm,12617,87242,689562.0,,,6649.0,776804
43,Tue Jun 30 2020,12:48 am6:45 am12:48 pm6:46 pm,11298,86606,677581.0,,,6649.0,764187
44,Mon Jun 29 2020,12:48 am6:49 am12:47 pm6:48 pm,9907,85988,666901.0,,,6614.0,752889
45,Sun Jun 28 2020,12:47 am6:46 am12:47 pm6:48 pm,23901,85496,657486.0,,,6579.0,742982
46,Sat Jun 27 2020,12:48 am12:47 pm6:46 pm,0,84370,634711.0,,,6579.0,719081
47,Fri Jun 26 2020,12:47 am6:50 am12:46 pm,14280,84370,634711.0,,,6579.0,719081
48,Thu Jun 25 2020,12:46 am6:49 am12:49 pm6:47 pm,13393,83770,621031.0,,,6557.0,704801
49,Wed Jun 24 2020,12:46 am6:47 am12:47 pm6:46 pm,12305,83191,608217.0,,,6518.0,691408
50,Tue Jun 23 2020,12:48 am6:47 am12:48 pm,11255,82696,596407.0,,,6464.0,679103
51,Mon Jun 22 2020,12:44 am6:45 am12:45 pm6:47 pm,10103,82186,585662.0,,,6426.0,667848
52,Sun Jun 21 2020,12:46 am6:43 am12:46 pm6:45 pm,10018,81730,576015.0,,,6423.0,657745
53,Sat Jun 20 2020,12:47 am6:46 am12:44 pm6:46 pm,10509,81266,566461.0,,,6419.0,647727
54,Fri Jun 19 2020,12:46 am6:48 am12:47 pm6:46 pm,13150,80762,556456.0,,,6399.0,637218
55,Thu Jun 18 2020,12:47 am6:46 am12:48 pm6:43 pm,11237,80236,543832.0,,,6361.0,624068
56,Wed Jun 17 2020,12:47 am6:47 am12:47 pm6:49 pm,9739,79818,533013.0,,,6319.0,612831
57,Tue Jun 16 2020,12:48 am6:45 am12:48 pm6:44 pm,10062,79483,523609.0,,,6276.0,603092
58,Mon Jun 15 2020,12:46 am6:47 am12:47 pm6:44 pm,9797,79121,513909.0,,,6243.0,593030
59,Sun Jun 14 2020,12:44 am6:47 am12:48 pm6:44 pm,8182,78798,504435.0,,,6215.0,583233
60,Sat Jun 13 2020,12:48 am6:48 am12:45 pm6:46 pm,8667,78462,496589.0,,,6211.0,575051
61,Fri Jun 12 2020,12:46 am6:48 am12:47 pm6:46 pm,12012,77999,488385.0,,,6162.0,566384
62,Thu Jun 11 2020,12:46 am6:47 am12:46 pm,9942,77933,476439.0,,,6113.0,554372
63,Wed Jun 10 2020,12:44 am6:47 am12:46 pm6:44 pm,8126,77466,466964.0,,,6062.0,544430
64,Tue Jun 9 2020,12:46 am6:44 am12:50 pm6:44 pm,8354,77056,459248.0,,,6014.0,536304
65,Mon Jun 8 2020,12:43 am6:44 am12:51 pm,7565,76563,451387.0,,,5953.0,527950
66,Sun Jun 7 2020,12:41 am6:46 am12:43 pm6:43 pm,9557,76212,444173.0,,,5943.0,520385
67,Sat Jun 6 2020,12:48 am6:42 am12:45 pm6:49 pm,11622,75706,435122.0,,,5931.0,510828
68,Fri Jun 5 2020,12:42 am6:42 am12:42 pm6:49 pm,7704,75005,424201.0,,,5886.0,499206
69,Thu Jun 4 2020,12:43 am6:41 am12:41 pm6:41 pm,16111,74560,416942.0,,,5817.0,491502
70,Wed Jun 3 2020,12:42 am6:41 am12:45 pm6:43 pm,2520,74022,401369.0,,,5741.0,475391
71,Tue Jun 2 2020,12:45 am6:44 am12:41 pm6:42 pm,10542,73510,399361.0,,,5667.0,472871
72,Mon Jun 1 2020,12:43 am6:44 am12:41 pm6:41 pm,6672,72898,389431.0,,,5567.0,462329
73,Sun May 31 2020,12:41 am6:41 am12:44 pm6:44 pm,7885,72546,383111.0,,,5555.0,455657
74,Sat May 30 2020,12:42 am6:41 am12:41 pm6:41 pm,9463,72031,375741.0,,,5537.0,447772
75,Fri May 29 2020,12:42 am6:40 am7:18 pm,10463,71339,366970.0,,,5464.0,438309
76,Thu May 28 2020,12:42 am6:44 am12:41 pm6:41 pm,8439,70042,357804.0,,,5373.0,427846
77,Wed May 27 2020,12:49 am6:41 am12:51 pm6:44 pm,10935,69417,349990.0,,,5265.0,419407
78,Tue May 26 2020,12:42 am6:42 am12:41 pm6:42 pm,5358,68637,339835.0,,,5152.0,408472
79,Mon May 25 2020,12:40 am6:39 am12:41 pm6:40 pm,7019,68186,334928.0,,,5139.0,403114
80,Sun May 24 2020,12:42 am6:39 am12:45 pm6:43 pm,7643,67713,328382.0,,,5124.0,396095
81,Sat May 23 2020,12:44 am6:42 am12:40 pm6:41 pm,9451,66983,321469.0,,,5096.0,388452
82,Fri May 22 2020,12:45 am6:45 am12:46 pm6:48 pm,10095,66258,312743.0,,,4984.0,379001
83,Thu May 21 2020,12:42 am6:40 am12:40 pm6:43 pm,19206,65392,303514.0,,,4869.0,368906
84,Wed May 20 2020,12:46 am6:42 am12:41 pm6:42 pm,0,63666,286034.0,,,4624.0,349700
85,Tue May 19 2020,12:41 am6:41 am12:43 pm6:43 pm,9091,63666,286034.0,,,4624.0,349700
86,Mon May 18 2020,12:44 am6:41 am12:42 pm6:46 pm,7705,63056,277553.0,,,4505.0,340609
87,Sun May 17 2020,12:41 am6:42 am12:42 pm6:44 pm,5068,62234,270670.0,,,4418.0,332904
88,Sat May 16 2020,12:42 am6:42 am12:41 pm6:42 pm,8004,61611,266225.0,,,4403.0,327836
89,Fri May 15 2020,12:42 am6:41 am12:44 pm6:43 pm,8637,60622,259210.0,,,4342.0,319832
90,Thu May 14 2020,12:40 am6:41 am12:44 pm6:43 pm,8326,59636,251559.0,,,4218.0,311195
91,Wed May 13 2020,12:41 am6:40 am12:43 pm6:41 pm,6889,58698,244171.0,,,3943.0,302869
92,Tue May 12 2020,12:41 am6:40 am12:41 pm6:40 pm,7122,57991,237989.0,,,3806.0,295980
93,Mon May 11 2020,12:19 am6:17 am12:17 pm6:47 pm,4475,57154,231704.0,,,3731.0,288858
94,Sun May 10 2020,12:19 am6:17 am12:17 pm6:18 pm,7276,56611,227772.0,,,3707.0,284383
95,Sat May 9 2020,12:19 am6:18 am12:19 pm6:18 pm,6548,55316,221791.0,,,3688.0,277107
96,Fri May 8 2020,12:20 am6:17 am12:18 pm6:16 pm,7771,54238,216321.0,,,3616.0,270559
97,Thu May 7 2020,12:19 am6:18 am12:19 pm6:17 pm,6448,52915,209873.0,,,3416.0,262788
98,Wed May 6 2020,12:18 am6:17 am12:19 pm6:17 pm,5458,51845,204495.0,,,3106.0,256340
99,Tue May 5 2020,12:18 am6:18 am12:19 pm6:19 pm,5292,50957,199925.0,,,3012.0,250882
100,Mon May 4 2020,12:19 am6:19 am12:17 pm6:18 pm,4949,50092,195498.0,,,2458.0,245590
101,Sun May 3 2020,12:19 am6:18 am12:18 pm6:16 pm,5265,49267,191374.0,,,2444.0,240641
102,Sat May 2 2020,12:19 am6:19 am12:19 pm6:19 pm,7928,48305,187071.0,,,2418.0,235376
103,Fri May 1 2020,12:17 am6:20 am12:18 pm6:25 pm,6083,46971,180477.0,,,2354.0,227448
104,Thu Apr 30 2020,12:18 pm6:17 pm,6482,45763,175602.0,,,2292.0,221365
105,Wed Apr 29 2020,12:17 am6:18 am6:36 pm,5795,44366,170517.0,,,2195.0,214883
106,Tue Apr 28 2020,12:16 am6:17 am12:18 pm,5666,43264,165824.0,,,1716.0,209088
107,Mon Apr 27 2020,12:18 am6:18 am12:19 pm6:17 pm,4829,42050,161372.0,,,1597.0,203422
108,Sun Apr 26 2020,12:17 am6:17 am12:17 pm6:17 pm,5658,41165,157428.0,,,1550.0,198593
109,Sat Apr 25 2020,12:17 am6:15 am12:17 pm6:17 pm,6792,40049,152886.0,,,1537.0,192935
110,Fri Apr 24 2020,12:16 am6:17 am12:17 pm6:15 pm,7029,38652,147491.0,,,1492.0,186143
111,Thu Apr 23 2020,12:16 am6:16 am12:20 pm6:17 pm,7158,37053,142061.0,,,1421.0,179114
112,Wed Apr 22 2020,12:16 am6:16 am12:17 pm6:15 pm,5105,35684,136272.0,,,1622.0,171956
113,Tue Apr 21 2020,6:15 am12:16 pm6:15 pm,3899,34528,132323.0,,,1564.0,166851
114,Mon Apr 20 2020,6:15 am12:15 pm6:14 pm,4098,33232,129720.0,,,1204.0,162952
115,Sun Apr 19 2020,6:16 am12:15 pm6:14 pm,4889,32284,126570.0,,,1112.0,158854
116,Sat Apr 18 2020,12:14 am6:14 pm,6592,31069,122896.0,,,836.0,153965
117,Fri Apr 17 2020,12:14 am6:14 am12:15 pm6:15 pm,5903,29441,117932.0,,,756.0,147373
118,Thu Apr 16 2020,12:14 am12:15 pm6:14 pm,3886,27735,113735.0,,,707.0,141470
119,Wed Apr 15 2020,12:15 am6:13 am12:14 pm6:15 pm,3953,26490,111094.0,,,647.0,137584
120,Tue Apr 14 2020,6:14 am12:13 pm6:15 pm,3839,25345,108286.0,,,584.0,133631
121,Mon Apr 13 2020,12:15 am12:19 pm6:14 pm,4902,24199,105593.0,,,524.0,129792
122,Sun Apr 12 2020,12:13 am6:14 am12:15 pm6:15 pm,4737,22833,102057.0,,,507.0,124890
123,Sat Apr 11 2020,12:14 am6:13 am12:14 pm6:13 pm,7134,21655,98498.0,,,494.0,120153
124,Fri Apr 10 2020,12:13 am10:43 am6:16 pm,7417,19979,93040.0,,,416.0,113019
125,Thu Apr 9 2020,9:48 am12:14 pm6:49 pm,7064,18228,87374.0,,,338.0,105602
126,Wed Apr 8 2020,,7260,16239,82299.0,,,309.0,98538
127,Tue Apr 7 2020,12:13 am6:13 am12:14 pm6:14 pm,7424,14559,76719.0,,,240.0,91278
128,Mon Apr 6 2020,12:13 am6:14 am12:13 pm6:15 pm,6083,12980,70874.0,,1145.0,162.0,83854
129,Sun Apr 5 2020,12:12 am6:11 am12:13 pm6:13 pm,7741,11510,66261.0,,1072.0,150.0,77771
130,Sat Apr 4 2020,12:12 am6:14 am12:13 pm6:12 pm,7915,10017,60013.0,,1004.0,136.0,70030
131,Fri Apr 3 2020,12:12 am6:11 am12:13 pm6:12 pm,7401,8420,53695.0,,852.0,102.0,62115
132,Thu Apr 2 2020,12:13 am6:12 am12:13 pm6:14 pm,6482,7016,47698.0,,730.0,90.0,54714
133,Wed Apr 1 2020,12:16 am6:11 am12:13 pm6:11 pm,5744,5805,42427.0,,620.0,74.0,48232
134,Tue Mar 31 2020,12:15 am6:11 am12:12 pm6:12 pm,4624,4843,37645.0,,514.0,63.0,42488
135,Mon Mar 30 2020,6:12 am12:11 pm6:12 pm,4409,4087,33777.0,,386.0,49.0,37864
136,Sun Mar 29 2020,1:11 am4:12 pm7:11 pm,5450,3394,30061.0,,353.0,38.0,33455
137,Sat Mar 28 2020,1:12 am4:13 pm7:14 pm,4771,2751,25254.0,,316.0,34.0,28005
138,Fri Mar 27 2020,4:12 pm7:11 pm,5106,2218,21016.0,,241.0,22.0,23234
139,Thu Mar 26 2020,1:11 am2:11 pm,5808,1687,16441.0,,,16.0,18128
140,Wed Mar 25 2020,12:51 am2:08 pm7:09 pm,2826,1127,11193.0,,,11.0,12320
141,Tue Mar 24 2020,1:07 am2:08 pm7:09 pm,2255,851,8643.0,,,7.0,9494
142,Mon Mar 23 2020,1:08 am2:10 pm7:10 pm,1796,644,6595.0,,,6.0,7239
143,Sun Mar 22 2020,1:07 am2:10 pm7:09 pm,1306,479,4964.0,,,2.0,5443
144,Sat Mar 21 2020,1:09 am2:09 pm7:08 pm,1295,371,3766.0,,,2.0,4137
145,Fri Mar 20 2020,1:06 am2:12 pm7:17 pm,1049,268,2574.0,,,1.0,2842
146,Thu Mar 19 2020,1:06 am2:09 pm7:06 pm,473,185,1608.0,,,1.0,1793
147,Wed Mar 18 2020,1:05 am2:23 pm7:07 pm,345,133,1187.0,,,1.0,1320
148,Tue Mar 17 2020,11:11 pm2:16 pm6:06 pm,229,96,879.0,,,,975
149,Mon Mar 16 2020,11:01 am,478,76,670.0,,,,746
150,Sun Mar 15 2020,2:20 am4:39 pm,16,63,205.0,183.0,,,268
151,Sat Mar 14 2020,,71,47,205.0,150.0,,,252
152,Fri Mar 13 2020,,43,41,140.0,130.0,,,181
153,Thu Mar 12 2020,,34,22,116.0,81.0,,,138
154,Wed Mar 11 2020,,92,16,88.0,54.0,,,104
155,Tue Mar 10 2020,,2,12,,,,,12
156,Mon Mar 9 2020,,4,10,,,,,10
157,Sun Mar 8 2020,,2,6,,,,,6
158,Sat Mar 7 2020,,2,4,,,,,4
159,Fri Mar 6 2020,,0,2,,,,,2
