,Date,Screenshots (ET),New Tests,Cases,Negative,Pending,Hospitalized,Deaths,Total
0,Wed Aug 12 2020,12:14 am6:15 am12:19 pm6:14 pm,35287,98689,2083152.0,,,6539.0,2181841
1,Tue Aug 11 2020,12:14 am6:13 am12:15 pm6:14 pm,23965,98213,2048341.0,,,6533.0,2146554
2,Mon Aug 10 2020,12:15 am6:14 am12:15 pm6:13 pm,21257,97306,2025283.0,,,6526.0,2122589
3,Sun Aug 9 2020,12:14 am6:16 am12:15 pm6:16 pm,26211,96726,2004606.0,,,6519.0,2101332
4,Sat Aug 8 2020,12:16 am6:15 am12:13 pm6:14 pm,38526,96191,1978930.0,,,6520.0,2075121
5,Fri Aug 7 2020,12:16 am6:15 am12:15 pm6:13 pm,30017,95470,1941125.0,,,6524.0,2036595
6,Thu Aug 6 2020,12:14 am6:14 am12:15 pm6:15 pm,26106,94656,1911922.0,,,6506.0,2006578
7,Wed Aug 5 2020,12:14 am6:14 am12:15 pm6:14 pm,26057,93893,1886579.0,,,6478.0,1980472
8,Tue Aug 4 2020,12:13 am6:13 am12:14 pm6:14 pm,27592,93175,1861240.0,,,6471.0,1954415
9,Mon Aug 3 2020,12:13 am6:13 am12:15 pm6:14 pm,24982,92374,1834449.0,,,6463.0,1926823
10,Sun Aug 2 2020,12:12 am6:15 am12:15 pm6:14 pm,25011,91761,1810080.0,,,6457.0,1901841
11,Sat Aug 1 2020,12:14 am6:15 am12:13 pm6:13 pm,32383,91332,1785498.0,,,6457.0,1876830
12,Fri Jul 31 2020,12:13 am6:14 am12:15 pm6:14 pm,31269,90574,1753873.0,,,6450.0,1844447
13,Thu Jul 30 2020,12:14 am6:13 am12:13 pm6:12 pm,19945,89781,1723397.0,,,6443.0,1813178
14,Wed Jul 29 2020,12:13 am6:13 am12:13 pm6:15 pm,65351,88974,1704259.0,,,6422.0,1793233
15,Tue Jul 28 2020,12:13 am6:14 am12:13 pm6:15 pm,27393,87958,1639924.0,,,6421.0,1727882
16,Mon Jul 27 2020,12:13 am6:14 am12:13 pm6:13 pm,29745,87173,1613316.0,,,6405.0,1700489
17,Sun Jul 26 2020,12:13 am6:14 am12:14 pm6:13 pm,56098,86661,1584083.0,,,6400.0,1670744
18,Sat Jul 25 2020,12:13 am6:14 am12:14 pm6:13 pm,0,85072,1529574.0,,,6400.0,1614646
19,Fri Jul 24 2020,12:16 am6:15 am12:15 pm6:15 pm,27922,85072,1529574.0,,,6400.0,1614646
20,Thu Jul 23 2020,12:15 am6:16 am12:15 pm6:15 pm,27111,84431,1502293.0,,,6395.0,1586724
21,Wed Jul 22 2020,12:16 am6:14 am12:14 pm6:15 pm,30238,83730,1475883.0,,,6388.0,1559613
22,Tue Jul 21 2020,12:15 am6:15 am12:17 pm6:14 pm,22586,83059,1446316.0,,,6382.0,1529375
23,Mon Jul 20 2020,12:15 am6:15 am12:15 pm6:15 pm,22330,82395,1424394.0,,,6373.0,1506789
24,Sun Jul 19 2020,12:14 am6:15 am12:15 pm6:15 pm,28381,81868,1402591.0,,,6366.0,1484459
25,Sat Jul 18 2020,12:14 am6:15 am12:14 pm6:16 pm,30572,81338,1374740.0,,,6364.0,1456078
26,Fri Jul 17 2020,12:14 am6:16 am12:14 pm6:14 pm,30352,80593,1344913.0,,,6355.0,1425506
27,Thu Jul 16 2020,12:15 am6:14 am12:15 pm6:15 pm,27235,79839,1315315.0,,,6348.0,1395154
28,Wed Jul 15 2020,12:14 am6:15 am12:14 pm6:14 pm,34133,78913,1289006.0,,,6330.0,1367919
29,Tue Jul 14 2020,12:14 am6:16 am12:15 pm6:15 pm,20359,77864,1255922.0,,,6326.0,1333786
30,Mon Jul 13 2020,12:15 am6:15 am12:13 pm6:14 pm,17272,77198,1236229.0,,,6321.0,1313427
31,Sun Jul 12 2020,12:14 am6:14 am12:15 pm6:16 pm,22033,76776,1219379.0,,,6314.0,1296155
32,Sat Jul 11 2020,12:17 am6:15 am12:13 pm6:13 pm,27317,76370,1197752.0,,,6313.0,1274122
33,Fri Jul 10 2020,12:15 am6:15 am12:15 pm6:15 pm,23252,75685,1171120.0,,,6285.0,1246805
34,Thu Jul 9 2020,12:14 am6:14 am12:14 pm6:14 pm,23550,75063,1148490.0,,,6271.0,1223553
35,Wed Jul 8 2020,12:14 am6:14 am12:14 pm6:14 pm,23492,74551,1125452.0,,,6262.0,1200003
36,Tue Jul 7 2020,12:43 am6:45 am12:42 pm,17148,73900,1102611.0,,,6251.0,1176511
37,Mon Jul 6 2020,12:43 am6:42 am12:47 pm6:45 pm,12544,73269,1086094.0,,,6221.0,1159363
38,Sun Jul 5 2020,12:43 am6:44 am12:42 pm6:48 pm,16665,72941,1073878.0,,,6218.0,1146819
39,Sat Jul 4 2020,12:42 am6:42 am12:42 pm6:52 pm,21889,72581,1057573.0,,,6218.0,1130154
40,Fri Jul 3 2020,6:43 am12:45 pm6:42 pm,23128,72175,1036090.0,,,6215.0,1108265
41,Thu Jul 2 2020,12:43 am6:44 am12:42 pm6:42 pm,23278,71678,1013459.0,,,6212.0,1085137
42,Wed Jul 1 2020,12:42 am6:44 am12:41 pm6:40 pm,16802,71089,990770.0,,,6198.0,1061859
43,Tue Jun 30 2020,12:41 am6:39 am12:42 pm6:39 pm,15682,70728,974329.0,,,6193.0,1045057
44,Mon Jun 29 2020,12:41 am6:42 am12:40 pm6:41 pm,12696,70223,959152.0,,,6161.0,1029375
45,Sun Jun 28 2020,12:40 am6:40 am12:41 pm6:40 pm,15858,69946,946733.0,,,6158.0,1016679
46,Sat Jun 27 2020,12:40 am6:47 am12:40 pm6:39 pm,19115,69679,931142.0,,,6153.0,1000821
47,Fri Jun 26 2020,12:40 am6:42 am12:40 pm6:42 pm,18867,69329,912377.0,,,6134.0,981706
48,Thu Jun 25 2020,12:40 am6:43 am12:42 pm6:40 pm,18034,68989,893850.0,,,6133.0,962839
49,Wed Jun 24 2020,12:40 am6:40 am12:40 pm6:40 pm,16137,68555,876250.0,,,6114.0,944805
50,Tue Jun 23 2020,12:42 am6:41 am12:41 pm6:39 pm,10651,68197,860471.0,,,6109.0,928668
51,Mon Jun 22 2020,12:38 am6:38 am12:39 pm6:40 pm,10591,67957,850060.0,,,6097.0,918017
52,Sun Jun 21 2020,12:39 am6:37 am12:39 pm6:38 pm,12792,67711,839715.0,,,6090.0,907426
53,Sat Jun 20 2020,12:40 am6:40 am12:38 pm6:40 pm,14706,67545,827089.0,,,6087.0,894634
54,Fri Jun 19 2020,12:40 am6:41 am12:40 pm6:40 pm,29742,67097,812831.0,,,6067.0,879928
55,Thu Jun 18 2020,12:41 am6:40 am12:42 pm6:36 pm,301,66798,783388.0,,,6061.0,850186
56,Wed Jun 17 2020,12:40 am6:41 am12:40 pm6:40 pm,14351,66497,783388.0,,,6036.0,849885
57,Tue Jun 16 2020,12:40 am6:39 am12:41 pm6:38 pm,11497,66269,769265.0,,,6034.0,835534
58,Mon Jun 15 2020,12:38 am6:40 am12:40 pm6:37 pm,10539,66085,757952.0,,,6017.0,824037
59,Sun Jun 14 2020,12:38 am6:40 am12:41 pm6:38 pm,14015,66054,747444.0,,,6016.0,813498
60,Sat Jun 13 2020,12:39 am6:41 am12:39 pm6:40 pm,13196,65836,733647.0,,,6013.0,799483
61,Fri Jun 12 2020,12:40 am6:41 am12:40 pm6:40 pm,15767,65672,720615.0,,,5990.0,786287
62,Thu Jun 11 2020,12:40 am6:41 am12:40 pm6:38 pm,14469,65449,705071.0,,,5985.0,770520
63,Wed Jun 10 2020,12:38 am6:39 am12:39 pm6:37 pm,15,65182,690869.0,,,5952.0,756051
64,Tue Jun 9 2020,12:40 am6:38 am12:42 pm6:38 pm,16872,65167,690869.0,,,5951.0,756036
65,Mon Jun 8 2020,12:37 am6:38 am12:44 pm6:44 pm,12939,65104,674060.0,,,5942.0,739164
66,Sun Jun 7 2020,12:36 am6:41 am12:37 pm6:37 pm,10369,64969,661256.0,,,5927.0,726225
67,Sat Jun 6 2020,12:42 am6:37 am12:40 pm6:39 pm,10585,64914,650942.0,,,5916.0,715856
68,Fri Jun 5 2020,12:35 am6:36 am12:36 pm6:43 pm,12748,64821,640450.0,,,5909.0,705271
69,Thu Jun 4 2020,12:36 am6:37 am12:36 pm6:35 pm,14968,64616,627907.0,,,5901.0,692523
70,Wed Jun 3 2020,12:36 am6:36 am12:40 pm6:37 pm,16380,64382,613173.0,,,5884.0,677555
71,Tue Jun 2 2020,12:38 am6:38 am12:36 pm6:37 pm,15938,64103,597072.0,,,5869.0,661175
72,Mon Jun 1 2020,12:37 am6:39 am12:35 pm6:35 pm,14477,63813,581424.0,,,5843.0,645237
73,Sun May 31 2020,12:36 am6:37 am12:38 pm6:38 pm,12930,63568,567192.0,,,5818.0,630760
74,Sat May 30 2020,12:36 am6:36 am12:35 pm6:36 pm,15846,63321,554509.0,,,5802.0,617830
75,Fri May 29 2020,12:37 am6:35 am7:12 pm,16524,63116,538868.0,,,5778.0,601984
76,Thu May 28 2020,12:36 am6:38 am12:36 pm6:35 pm,17390,62797,522663.0,,,5751.0,585460
77,Wed May 27 2020,12:43 am6:35 am12:37 pm6:38 pm,18089,62461,505609.0,,,5727.0,568070
78,Tue May 26 2020,12:37 am6:37 am12:36 pm6:36 pm,12024,62075,487906.0,,,5703.0,549981
79,Mon May 25 2020,12:34 am6:35 am12:36 pm6:35 pm,9413,61632,476325.0,,,5678.0,537957
80,Sun May 24 2020,12:36 am6:34 am12:40 pm6:36 pm,11695,61457,467087.0,,,5640.0,528544
81,Sat May 23 2020,12:37 am6:36 am12:35 pm6:36 pm,14492,61293,455556.0,,,5612.0,516849
82,Fri May 22 2020,12:39 am6:40 am12:41 pm6:43 pm,19959,61075,441282.0,,,5586.0,502357
83,Thu May 21 2020,12:37 am6:35 am12:35 pm6:37 pm,16399,60610,421788.0,,,5555.0,482398
84,Wed May 20 2020,12:41 am6:36 am12:35 pm6:36 pm,14215,60151,405848.0,,,5514.0,465999
85,Tue May 19 2020,12:35 am6:36 am12:37 pm6:37 pm,16857,59576,392208.0,,,5470.0,451784
86,Mon May 18 2020,12:37 am6:36 am12:36 pm6:39 pm,13101,58812,376115.0,,,5427.0,434927
87,Sun May 17 2020,12:36 am6:37 am12:37 pm6:39 pm,10647,58278,363548.0,,,5396.0,421826
88,Sat May 16 2020,12:36 am6:37 am12:36 pm6:37 pm,11665,58023,353156.0,,,5357.0,411179
89,Fri May 15 2020,12:37 am6:35 am12:38 pm6:37 pm,15821,57687,341827.0,,,5325.0,399514
90,Thu May 14 2020,12:35 am6:37 am12:38 pm6:38 pm,16993,57036,326657.0,,,5278.0,383693
91,Wed May 13 2020,12:36 am6:34 am12:38 pm6:36 pm,19358,56458,310242.0,,,5232.0,366700
92,Tue May 12 2020,12:35 am6:35 am12:35 pm6:35 pm,15045,55641,291701.0,,,5188.0,347342
93,Mon May 11 2020,12:13 am6:12 am12:12 pm6:42 pm,11847,54004,278293.0,,,5139.0,332297
94,Sun May 10 2020,12:13 am6:12 am12:12 pm6:12 pm,8453,53033,267417.0,,,5081.0,320450
95,Sat May 9 2020,12:14 am6:13 am12:13 pm6:12 pm,11506,52732,259265.0,,,5036.0,311997
96,Fri May 8 2020,12:14 am6:12 am12:13 pm6:11 pm,12576,52349,248142.0,,,4987.0,300491
97,Thu May 7 2020,12:14 am6:13 am12:14 pm6:12 pm,12221,51731,236184.0,,,4925.0,287915
98,Wed May 6 2020,12:12 am6:12 am12:14 pm6:13 pm,12106,51131,224563.0,,,4839.0,275694
99,Tue May 5 2020,12:13 am6:12 am12:13 pm6:13 pm,11108,50497,213091.0,,,4781.0,263588
100,Mon May 4 2020,12:13 am6:13 am12:12 pm6:12 pm,8090,49809,202671.0,,,4722.0,252480
101,Sun May 3 2020,12:14 am6:13 am12:13 pm6:11 pm,7005,49029,195361.0,,,4641.0,244390
102,Sat May 2 2020,12:14 am6:14 am12:14 pm6:13 pm,10338,48672,188713.0,,,4579.0,237385
103,Fri May 1 2020,12:13 am6:14 am12:13 pm6:19 pm,10598,48240,178807.0,,,4520.0,227047
104,Thu Apr 30 2020,12:13 pm6:12 pm,11588,47505,168944.0,,,4434.0,216449
105,Wed Apr 29 2020,12:13 am6:13 am6:31 pm,10413,46488,158373.0,,,4335.0,204861
106,Tue Apr 28 2020,12:12 am6:12 am12:13 pm,8767,45538,148910.0,,,4247.0,194448
107,Mon Apr 27 2020,12:13 am6:13 am12:13 pm6:12 pm,7461,44709,140972.0,,,4148.0,185681
108,Sun Apr 26 2020,12:12 am6:13 am12:12 pm6:12 pm,6002,43789,134431.0,,,4036.0,178220
109,Sat Apr 25 2020,12:12 am6:11 am12:12 pm6:12 pm,6434,43263,128955.0,,,3929.0,172218
110,Fri Apr 24 2020,12:12 am6:12 am12:13 pm6:11 pm,9085,42730,123054.0,,,3818.0,165784
111,Thu Apr 23 2020,12:11 am6:12 am12:11 pm6:13 pm,9341,41694,115005.0,,,3711.0,156699
112,Wed Apr 22 2020,12:12 am6:11 am12:12 pm6:11 pm,8102,40705,106653.0,,,3602.0,147358
113,Tue Apr 21 2020,6:11 am12:11 pm6:10 pm,7369,39589,99667.0,,,3471.0,139256
114,Mon Apr 20 2020,6:11 am12:10 pm6:09 pm,4572,38494,93393.0,,,3347.0,131887
115,Sun Apr 19 2020,6:11 am12:10 pm6:09 pm,3172,37557,89758.0,,,3236.0,127315
116,Sat Apr 18 2020,12:10 am6:09 pm,4555,37029,87114.0,,,3107.0,124143
117,Fri Apr 17 2020,12:10 am6:10 am12:10 pm6:10 pm,5859,36320,83268.0,,,2984.0,119588
118,Thu Apr 16 2020,12:09 am12:10 pm6:09 pm,5368,35455,78274.0,,,2841.0,113729
119,Wed Apr 15 2020,12:11 am6:09 am12:10 pm6:10 pm,4073,34533,73828.0,,,2672.0,108361
120,Tue Apr 14 2020,6:10 am12:08 pm6:10 pm,4523,33613,70675.0,,,2532.0,104288
121,Mon Apr 13 2020,12:10 am12:09 pm6:09 pm,3544,32702,67063.0,,,2391.0,99765
122,Sun Apr 12 2020,12:09 am6:10 am12:09 pm6:10 pm,3000,31666,64555.0,,,2249.0,96221
123,Sat Apr 11 2020,12:09 am6:09 am12:09 pm6:09 pm,3452,30980,62241.0,,,2081.0,93221
124,Fri Apr 10 2020,12:09 am10:38 am6:11 pm,4243,30172,59597.0,,,1917.0,89769
125,Thu Apr 9 2020,9:44 am12:09 pm6:44 pm,4286,29096,56430.0,,,1756.0,85526
126,Wed Apr 8 2020,12:00 pm4:00 pm,3932,28064,53176.0,,,1600.0,81240
127,Tue Apr 7 2020,12:08 am6:09 am12:09 pm6:09 pm,4261,26964,50344.0,,,1449.0,77308
128,Mon Apr 6 2020,12:08 am6:09 am12:09 pm6:10 pm,4435,25785,47262.0,,,1291.0,73047
129,Sun Apr 5 2020,12:08 am6:07 am12:09 pm6:08 pm,3826,24458,44154.0,,,1150.0,68612
130,Sat Apr 4 2020,12:08 am6:09 am12:08 pm6:08 pm,5147,23581,41205.0,,,1030.0,64786
131,Fri Apr 3 2020,12:07 am6:08 am12:08 pm6:08 pm,4820,22579,37060.0,,,918.0,59639
132,Thu Apr 2 2020,12:08 am6:07 am12:08 pm6:09 pm,4622,21376,33443.0,,,801.0,54819
133,Wed Apr 1 2020,12:10 am6:07 am12:07 pm6:06 pm,5209,20246,29951.0,,,676.0,50197
134,Tue Mar 31 2020,12:10 am6:07 am12:07 pm6:07 pm,4362,18654,26334.0,,,551.0,44988
135,Mon Mar 30 2020,6:08 am12:07 pm6:07 pm,7425,17363,23263.0,,,437.0,40626
136,Sun Mar 29 2020,1:07 am4:08 pm7:07 pm,2434,15784,17417.0,,,351.0,33201
137,Sat Mar 28 2020,1:08 am4:09 pm7:10 pm,2828,14865,15902.0,,,283.0,30767
138,Fri Mar 27 2020,4:07 pm7:08 pm,3734,13799,14140.0,,,212.0,27939
139,Thu Mar 26 2020,1:08 am2:08 pm,4028,12475,11730.0,,,159.0,24205
140,Wed Mar 25 2020,12:49 am2:06 pm7:07 pm,3033,11335,8842.0,,,111.0,20177
141,Tue Mar 24 2020,1:04 am2:05 pm7:05 pm,2235,10155,6989.0,,,86.0,17144
142,Mon Mar 23 2020,1:05 am2:07 pm7:07 pm,2296,9062,5847.0,,,57.0,14909
143,Sun Mar 22 2020,1:04 am2:04 pm7:06 pm,1504,7822,4791.0,,,36.0,12613
144,Sat Mar 21 2020,1:06 am2:06 pm7:04 pm,1849,7023,4086.0,,,23.0,11109
145,Fri Mar 20 2020,1:04 am2:06 pm7:14 pm,1933,6219,3041.0,,,13.0,9260
146,Thu Mar 19 2020,1:03 am2:05 pm7:04 pm,1318,5276,2051.0,,,10.0,7327
147,Wed Mar 18 2020,1:03 am2:13 pm7:04 pm,1471,4531,1478.0,,,5.0,6009
148,Tue Mar 17 2020,11:09 pm2:13 pm6:03 pm,2333,3659,879.0,,,2.0,4538
149,Mon Mar 16 2020,10:58 am,520,1933,272.0,30.0,,,2205
150,Sun Mar 15 2020,2:17 am4:36 pm,284,1480,205.0,26.0,,,1685
151,Sat Mar 14 2020,12:00 pm,323,1196,205.0,26.0,,,1401
152,Fri Mar 13 2020,12:00 pm,285,945,133.0,26.0,,,1078
153,Thu Mar 12 2020,12:00 pm,239,702,91.0,27.0,,,793
154,Wed Mar 11 2020,12:00 pm,157,497,57.0,18.0,,,554
155,Tue Mar 10 2020,12:00 pm,107,358,39.0,24.0,,,397
156,Mon Mar 9 2020,12:00 pm,96,254,36.0,11.0,,,290
157,Sun Mar 8 2020,12:00 pm,48,168,26.0,10.0,,,194
158,Sat Mar 7 2020,12:00 pm,40,128,18.0,9.0,,,146
159,Fri Mar 6 2020,12:00 pm,26,98,8.0,8.0,,,106
160,Thu Mar 5 2020,12:00 pm,28,72,8.0,0.0,,,80
161,Wed Mar 4 2020,12:00 pm,18,52,,,,,52
162,Tue Mar 3 2020,,16,34,,,,,34
163,Mon Mar 2 2020,,9,18,,,,,18
164,Sun Mar 1 2020,,0,9,,,,,9
