,Date,Screenshots (ET),New Tests,Cases,Negative,Pending,Hospitalized,Deaths,Total
0,Wed Aug 12 2020,12:04 am6:05 am12:09 pm6:05 pm,117188,586056,8717411,,,10648.0,9303467
1,Tue Aug 11 2020,12:04 am6:04 am12:05 pm6:04 pm,187926,574411,8611868,,,10468.0,9186279
2,Mon Aug 10 2020,12:04 am12:04 pm6:04 pm,172234,561911,8436442,,,10359.0,8998353
3,Sun Aug 9 2020,12:05 am6:04 am12:04 pm6:05 pm,118592,554160,8271959,,,10293.0,8826119
4,Sat Aug 8 2020,12:05 am6:05 am12:04 pm6:04 pm,110645,545787,8161740,,,10189.0,8707527
5,Fri Aug 7 2020,12:05 am6:05 am12:04 pm6:04 pm,96419,538416,8058466,,,10011.0,8596882
6,Thu Aug 6 2020,12:04 am6:04 am12:06 pm6:05 pm,91063,529980,7970483,,,9869.0,8500463
7,Wed Aug 5 2020,12:04 am6:04 am12:04 pm6:04 pm,103687,524722,7884678,,,9703.0,8409400
8,Tue Aug 4 2020,12:04 am6:04 am12:04 pm6:04 pm,121017,519427,7786286,,,9501.0,8305713
9,Mon Aug 3 2020,12:04 am6:04 am12:04 pm6:04 pm,148721,514901,7669795,,,9388.0,8184696
10,Sun Aug 2 2020,12:04 am6:05 am12:05 pm6:05 pm,149388,509162,7526813,,,9356.0,8035975
11,Sat Aug 1 2020,12:04 am6:05 am12:04 pm6:04 pm,75546,500130,7386457,,,9224.0,7886587
12,Fri Jul 31 2020,12:04 am6:05 am12:05 pm6:04 pm,177201,493588,7317453,,,9005.0,7811041
13,Thu Jul 30 2020,12:04 am6:04 am12:04 pm6:04 pm,116374,485502,7148338,,,8909.0,7633840
14,Wed Jul 29 2020,12:04 am6:04 am12:04 pm6:05 pm,99600,475305,7042161,,,8715.0,7517466
15,Tue Jul 28 2020,12:04 am6:04 am12:04 pm6:04 pm,121288,466550,6951316,,,8518.0,7417866
16,Mon Jul 27 2020,12:04 am6:04 am12:05 pm6:04 pm,128439,460550,6836028,,,8445.0,7296578
17,Sun Jul 26 2020,12:04 am6:04 am12:04 pm6:04 pm,120784,453659,6714480,,,8416.0,7168139
18,Sat Jul 25 2020,12:04 am6:04 am12:04 pm6:04 pm,131479,445400,6601955,,,8337.0,7047355
19,Fri Jul 24 2020,12:05 am6:05 am12:05 pm6:05 pm,137572,435334,6480542,,,8186.0,6915876
20,Thu Jul 23 2020,12:05 am6:05 am12:05 pm6:05 pm,113885,425616,6352688,,,8027.0,6778304
21,Wed Jul 22 2020,12:05 am6:05 am12:04 pm6:04 pm,127487,413576,6250843,,,7870.0,6664419
22,Tue Jul 21 2020,12:04 am6:04 am12:05 pm6:04 pm,122611,400769,6136163,,,7755.0,6536932
23,Mon Jul 20 2020,12:04 am6:04 am12:04 pm6:04 pm,127469,391538,6022783,,,7694.0,6414321
24,Sun Jul 19 2020,12:04 am6:04 am12:04 pm6:04 pm,119634,384692,5902160,,,7685.0,6286852
25,Sat Jul 18 2020,12:04 am6:05 am12:04 pm6:05 pm,123119,375363,5791855,,,7595.0,6167218
26,Fri Jul 17 2020,12:04 am6:04 am12:04 pm6:04 pm,128591,366164,5677935,,,7475.0,6044099
27,Thu Jul 16 2020,12:04 am6:04 am12:05 pm6:04 pm,122232,356178,5559330,,,7345.0,5915508
28,Wed Jul 15 2020,12:04 am12:04 pm,118321,347634,5445642,,,7227.0,5793276
29,Tue Jul 14 2020,12:04 am6:05 am12:04 pm6:05 pm,130590,336508,5338447,,,7087.0,5674955
30,Mon Jul 13 2020,12:05 am6:04 am12:04 pm6:04 pm,137766,329162,5215203,,,7040.0,5544365
31,Sun Jul 12 2020,12:04 am6:04 am12:04 pm6:04 pm,130904,320804,5085795,,,7017.0,5406599
32,Sat Jul 11 2020,12:05 am6:04 am12:04 pm6:05 pm,99958,312344,4963351,,,6945.0,5275695
33,Fri Jul 10 2020,12:04 am6:05 am12:04 pm6:04 pm,97303,304297,4871440,,,6851.0,5175737
34,Thu Jul 9 2020,12:04 am6:04 am12:04 pm6:04 pm,82259,296499,4781935,,,6711.0,5078434
35,Wed Jul 8 2020,12:04 am6:05 am12:05 pm6:04 pm,99805,289468,4706707,,,6562.0,4996175
36,Tue Jul 7 2020,12:33 am6:36 am12:33 pm,103017,277774,4618596,,,6448.0,4896370
37,Mon Jul 6 2020,12:34 am6:33 am12:38 pm6:35 pm,113215,271684,4521669,,,6337.0,4793353
38,Sun Jul 5 2020,12:34 am6:35 am12:33 pm6:39 pm,127107,265985,4414153,,,6331.0,4680138
39,Sat Jul 4 2020,12:33 am6:32 am12:33 pm6:43 pm,104855,257388,4295643,,,6313.0,4553031
40,Fri Jul 3 2020,6:34 am12:35 pm6:33 pm,109458,248235,4199941,,,6263.0,4448176
41,Thu Jul 2 2020,12:33 am6:34 am12:32 pm6:32 pm,84542,242547,4096171,,,6163.0,4338718
42,Wed Jul 1 2020,12:33 am6:34 am12:32 pm6:32 pm,87037,236139,4018037,,,6090.0,4254176
43,Tue Jun 30 2020,12:32 am6:31 am12:32 pm6:31 pm,105447,228732,3938407,,,5980.0,4167139
44,Mon Jun 29 2020,12:33 am6:34 am12:31 pm6:33 pm,105740,219252,3842440,,,5936.0,4061692
45,Sun Jun 28 2020,12:32 am6:31 am12:32 pm6:31 pm,93642,211243,3744709,,,5905.0,3955952
46,Sat Jun 27 2020,12:32 am12:32 pm6:30 pm,90996,206433,3655877,,,5872.0,3862310
47,Fri Jun 26 2020,12:32 am6:33 am12:31 pm6:33 pm,76969,200461,3570853,,,5812.0,3771314
48,Thu Jun 25 2020,12:31 am6:32 am12:33 pm6:31 pm,101446,195571,3498774,,,5733.0,3694345
49,Wed Jun 24 2020,12:31 am6:31 am12:32 pm6:32 pm,95970,190222,3402677,,,5632.0,3592899
50,Tue Jun 23 2020,12:33 am6:32 am12:33 pm6:31 pm,85243,183073,3313856,,,5580.0,3496929
51,Mon Jun 22 2020,12:30 am6:30 am12:31 pm6:32 pm,92430,178054,3233632,,,5515.0,3411686
52,Sun Jun 21 2020,12:31 am6:30 am12:31 pm6:30 pm,84844,173824,3145432,,,5495.0,3319256
53,Sat Jun 20 2020,12:32 am6:32 am12:30 pm6:32 pm,78710,169309,3065103,,,5424.0,3234412
54,Fri Jun 19 2020,12:32 am6:32 am12:31 pm6:31 pm,81172,165416,2990286,,,5360.0,3155702
55,Thu Jun 18 2020,12:32 am6:32 am12:33 pm6:28 pm,76542,161099,2913431,,,5290.0,3074530
56,Wed Jun 17 2020,12:32 am6:33 am12:32 pm6:32 pm,60233,157015,2840973,,,5208.0,2997988
57,Tue Jun 16 2020,12:32 am6:30 am12:33 pm6:30 pm,69573,153560,2784195,,,5121.0,2937755
58,Mon Jun 15 2020,12:29 am6:30 am12:31 pm6:29 pm,66186,151452,2716730,,,5089.0,2868182
59,Sun Jun 14 2020,12:30 am6:31 am12:33 pm6:30 pm,77603,148855,2653141,,,5063.0,2801996
60,Sat Jun 13 2020,12:30 am6:32 am12:31 pm6:31 pm,62135,145643,2578750,,,4989.0,2724393
61,Fri Jun 12 2020,12:31 am6:32 am12:31 pm6:32 pm,64611,141983,2520275,,,4943.0,2662258
62,Thu Jun 11 2020,12:32 am6:31 am12:32 pm6:30 pm,56849,139281,2458366,,,4881.0,2597647
63,Wed Jun 10 2020,12:29 am6:31 am12:30 pm6:28 pm,54553,136191,2404607,,,4776.0,2540798
64,Tue Jun 9 2020,12:30 am6:30 am12:34 pm6:30 pm,55055,133489,2352756,,,4697.0,2486245
65,Mon Jun 8 2020,12:27 am6:30 am12:35 pm6:31 pm,68972,131319,2299871,,,4653.0,2431190
66,Sun Jun 7 2020,12:27 am6:31 am12:28 pm6:28 pm,53918,128812,2233406,,,4626.0,2362218
67,Sat Jun 6 2020,12:33 am6:28 am12:31 pm6:30 pm,69837,126016,2182284,,,4559.0,2308300
68,Fri Jun 5 2020,12:27 am6:27 am12:27 pm6:33 pm,55792,122901,2115562,,,4485.0,2238463
69,Thu Jun 4 2020,12:28 am6:28 am12:26 pm6:27 pm,51377,119807,2062864,,,4422.0,2182671
70,Wed Jun 3 2020,12:28 am6:27 am12:31 pm6:28 pm,59703,117687,2013607,,,4361.0,2131294
71,Tue Jun 2 2020,12:29 am6:29 am12:27 pm6:28 pm,59008,115310,1956281,,,4286.0,2071591
72,Mon Jun 1 2020,12:29 am6:30 am12:27 pm6:27 pm,67735,113006,1899577,,,4251.0,2012583
73,Sun May 31 2020,12:28 am6:29 am12:29 pm6:29 pm,56253,110583,1834265,,,4213.0,1944848
74,Sat May 30 2020,12:27 am6:28 am12:27 pm6:27 pm,53117,106878,1781717,,,4156.0,1888595
75,Fri May 29 2020,12:29 am6:27 am7:04 pm,44919,103886,1731592,,,4068.0,1835478
76,Thu May 28 2020,12:28 am6:29 am12:27 pm6:27 pm,53665,101697,1688862,,,3973.0,1790559
77,Wed May 27 2020,12:34 am6:27 am12:29 pm6:30 pm,40498,98980,1637914,,,3884.0,1736894
78,Tue May 26 2020,12:28 am6:29 am12:27 pm6:28 pm,52294,96733,1599663,,,3814.0,1696396
79,Mon May 25 2020,12:26 am6:27 am12:28 pm6:26 pm,61357,94558,1549544,,,3795.0,1644102
80,Sun May 24 2020,12:28 am6:26 am12:32 pm6:28 pm,67439,92710,1490035,,,3774.0,1582745
81,Sat May 23 2020,12:28 am6:27 am12:27 pm6:28 pm,48533,90631,1424675,,,3708.0,1515306
82,Fri May 22 2020,12:30 am6:31 am12:31 pm6:35 pm,45646,88444,1378329,,,3630.0,1466773
83,Thu May 21 2020,12:28 am6:26 am12:27 pm6:29 pm,41007,86197,1334930,,,3542.0,1421127
84,Wed May 20 2020,12:33 am6:29 am12:27 pm6:28 pm,40804,84057,1296063,,,3436.0,1380120
85,Tue May 19 2020,12:27 am6:27 am12:28 pm6:29 pm,46644,81795,1257521,,,3334.0,1339316
86,Mon May 18 2020,12:29 am6:28 am12:28 pm6:31 pm,57429,80430,1212242,,,3302.0,1292672
87,Sun May 17 2020,12:28 am6:29 am12:28 pm6:29 pm,56117,78839,1156404,,,3261.0,1235243
88,Sat May 16 2020,12:27 am6:29 am12:28 pm6:28 pm,45220,76793,1102333,,,3204.0,1179126
89,Fri May 15 2020,12:29 am6:28 am12:30 pm6:28 pm,29255,74936,1058970,,,3108.0,1133906
90,Thu May 14 2020,12:26 am6:27 am12:30 pm6:30 pm,39059,73164,1031487,,,3032.0,1104651
91,Wed May 13 2020,12:28 am6:26 am12:29 pm6:27 pm,32222,71141,994451,,,2934.0,1065592
92,Tue May 12 2020,8:59 pm12:27 am6:27 am12:26 pm6:27 pm,41473,69382,963988,,,2847.0,1033370
93,Mon May 11 2020,12:04 am6:04 am12:04 pm,36233,67939,923958,,,2770.0,991897
94,Sun May 10 2020,12:05 am6:04 am12:04 pm6:04 pm,43094,66680,888984,,,2745.0,955664
95,Sat May 9 2020,12:05 am6:05 am12:04 pm6:04 pm,37298,64561,848009,,,2678.0,912570
96,Fri May 8 2020,12:04 am6:04 am12:04 pm6:04 pm,32398,62512,812760,,,2585.0,875272
97,Thu May 7 2020,12:05 am6:04 am12:05 pm6:04 pm,33838,60614,782260,,,2504.0,842874
98,Wed May 6 2020,12:04 am6:04 am12:06 pm6:05 pm,29134,58815,750221,,,2412.0,809036
99,Tue May 5 2020,12:04 am6:04 am12:05 pm6:05 pm,32028,56212,723690,,,2317.0,779902
100,Mon May 4 2020,12:04 am6:05 am12:05 pm6:04 pm,32123,54937,692937,,,2254.0,747874
101,Sun May 3 2020,12:05 am6:05 am12:04 pm6:04 pm,28948,53616,662135,,,2215.0,715751
102,Sat May 2 2020,12:05 am6:05 am12:05 pm6:05 pm,31818,52197,634606,,,2171.0,686803
103,Fri May 1 2020,12:05 am6:05 am12:05 pm6:05 pm,29648,50442,604543,,,2073.0,654985
104,Thu Apr 30 2020,12:05 pm6:05 pm,22198,48917,576420,,,1982.0,625337
105,Wed Apr 29 2020,12:05 am6:05 am6:04 pm,25531,46500,556639,,,1887.0,603139
106,Tue Apr 28 2020,12:04 am6:05 am12:05 pm,24199,45031,532577,,,1809.0,577608
107,Mon Apr 27 2020,12:05 am6:05 am12:05 pm6:05 pm,27325,43464,509945,,,1755.0,553409
108,Sun Apr 26 2020,12:05 am6:05 am12:05 pm6:05 pm,20049,42164,483920,,,1710.0,526084
109,Sat Apr 25 2020,12:05 am6:04 am12:04 pm6:05 pm,11862,41137,464898,,,1651.0,506035
110,Fri Apr 24 2020,12:05 am6:05 am12:05 pm6:04 pm,12076,39254,454919,,,1562.0,494173
111,Thu Apr 23 2020,12:04 am6:05 am12:04 pm6:05 pm,16770,37369,444728,,,1469.0,482097
112,Wed Apr 22 2020,12:04 am6:05 am12:04 pm6:04 pm,165227,35396,429931,,,1354.0,465327
113,Tue Apr 21 2020,6:03 am12:03 pm6:02 pm,9600,33261,266839,,,1268.0,300100
114,Mon Apr 20 2020,6:03 am12:03 pm6:03 pm,9600,30978,259522,,,1208.0,290500
115,Sun Apr 19 2020,6:04 am12:03 pm6:03 pm,21234,30333,250567,7200.0,,1166.0,280900
116,Sat Apr 18 2020,12:03 am6:03 pm,8052,28963,230703,7200.0,,1072.0,259666
117,Fri Apr 17 2020,12:03 am6:03 am12:03 pm6:03 pm,5214,27528,224086,7200.0,,985.0,251614
118,Thu Apr 16 2020,12:03 am12:03 pm6:03 pm,29914,26182,220218,13200.0,,890.0,246400
119,Wed Apr 15 2020,12:03 am6:03 am12:03 pm6:04 pm,14278,24424,192062,13200.0,,821.0,216486
120,Tue Apr 14 2020,6:03 am12:03 pm6:03 pm,11326,23338,178870,13200.0,,758.0,202208
121,Mon Apr 13 2020,12:02 am12:03 pm6:02 pm,554,22348,168534,13200.0,,687.0,190882
122,Sun Apr 12 2020,12:03 am6:03 am12:03 pm6:03 pm,17109,21794,168534,13200.0,,651.0,190328
123,Sat Apr 11 2020,12:03 am6:02 am12:02 pm6:03 pm,8356,20615,152604,13200.0,,609.0,173219
124,Fri Apr 10 2020,12:03 am10:32 am6:03 pm,1363,19472,145391,13900.0,,541.0,164863
125,Thu Apr 9 2020,9:37 am12:03 pm6:33 pm,19236,18309,145191,14100.0,,492.0,163500
126,Wed Apr 8 2020,,13035,16957,127307,14600.0,,442.0,144264
127,Tue Apr 7 2020,12:03 am6:03 am12:03 pm6:03 pm,13798,15865,115364,14100.0,,374.0,131229
128,Mon Apr 6 2020,12:02 am6:03 am12:03 pm6:03 pm,898,14336,103095,15000.0,,343.0,117431
129,Sun Apr 5 2020,12:02 am6:02 am12:03 pm6:03 pm,2833,13438,103095,15000.0,,319.0,116533
130,Sat Apr 4 2020,12:02 am6:03 am12:02 pm6:02 pm,78400,12026,101674,13000.0,,276.0,113700
131,Fri Apr 3 2020,12:02 am6:02 am12:03 pm6:02 pm,2300,10701,24599,59500.0,,237.0,35300
132,Thu Apr 2 2020,12:02 am6:01 am12:01 pm6:03 pm,3073,9191,23809,59500.0,,203.0,33000
133,Wed Apr 1 2020,12:02 am6:01 am12:01 pm6:01 pm,673,8155,21772,57400.0,,171.0,29927
134,Tue Mar 31 2020,12:03 am6:01 am12:01 pm6:01 pm,2258,7482,21772,57400.0,,153.0,29254
135,Mon Mar 30 2020,6:02 am12:02 pm6:01 pm,739,6447,20549,64400.0,,133.0,26996
136,Sun Mar 29 2020,1:01 am4:01 pm7:02 pm,1065,5708,20549,64400.0,,123.0,26257
137,Sat Mar 28 2020,1:03 am4:02 pm7:02 pm,3933,4643,20549,64400.0,,101.0,25192
138,Fri Mar 27 2020,4:02 pm,873,3879,17380,57400.0,,78.0,21259
139,Thu Mar 26 2020,1:02 am2:02 pm,2110,3006,17380,57400.0,,65.0,20386
140,Wed Mar 25 2020,12:44 am2:01 pm7:01 pm,2722,2355,15921,48600.0,,53.0,18276
141,Tue Mar 24 2020,1:01 am2:01 pm7:01 pm,1254,2102,13452,12100.0,,40.0,15554
142,Mon Mar 23 2020,1:01 am2:01 pm7:01 pm,1460,1733,12567,12100.0,,27.0,14300
143,Sun Mar 22 2020,1:01 am2:01 pm7:01 pm,312,1536,11304,,,27.0,12840
144,Sat Mar 21 2020,1:01 am2:01 pm7:01 pm,1041,1279,11249,,,24.0,12528
145,Fri Mar 20 2020,1:01 am2:01 pm7:02 pm,1776,1063,10424,,,20.0,11487
146,Thu Mar 19 2020,1:01 am2:02 pm7:01 pm,1119,924,8787,,,18.0,9711
147,Wed Mar 18 2020,1:00 am2:02 pm7:01 pm,128,611,7981,,,13.0,8592
148,Tue Mar 17 2020,11:06 pm2:10 pm6:00 pm,148,483,7981,,,11.0,8464
149,Mon Mar 16 2020,10:54 am,7107,335,7981,,,6.0,8316
150,Sun Mar 15 2020,2:15 am4:33 pm,41,293,916,,,5.0,1209
151,Sat Mar 14 2020,,50,252,916,,,5.0,1168
152,Fri Mar 13 2020,,0,202,916,,,4.0,1118
153,Thu Mar 12 2020,,45,202,916,,,4.0,1118
154,Wed Mar 11 2020,,250,157,916,,,,1073
155,Tue Mar 10 2020,,19,133,690,,,,823
156,Mon Mar 9 2020,,254,114,690,,,,804
157,Sun Mar 8 2020,,19,88,462,,,,550
158,Sat Mar 7 2020,,9,69,462,,,,531
159,Fri Mar 6 2020,,7,60,462,,,,522
160,Thu Mar 5 2020,,0,53,462,,,,515
161,Wed Mar 4 2020,,0,53,462,,,,515
