,Date,Screenshots (ET),New Tests,Cases,Negative,Pending,Hospitalized,Deaths,Total
0,Wed Aug 12 2020,12:06 am6:07 am12:11 pm6:07 pm,38304,550901,3536678,3529.0,32349.0,8898.0,4087579
1,Tue Aug 11 2020,12:06 am6:06 am12:07 pm6:06 pm,35418,542792,3506483,3444.0,31750.0,8685.0,4049275
2,Mon Aug 10 2020,12:07 pm6:06 pm,28194,536961,3476896,3362.0,31177.0,8408.0,4013857
3,Sun Aug 9 2020,12:07 am6:07 am6:08 pm,39791,532806,3452857,3353.0,30893.0,8315.0,3985663
4,Sat Aug 8 2020,6:06 am12:06 pm,48933,526577,3419295,3350.0,30639.0,8238.0,3945872
5,Fri Aug 7 2020,12:07 am6:07 am12:07 pm6:06 pm,39576,518075,3378864,3374.0,30114.0,8051.0,3896939
6,Thu Aug 6 2020,12:06 am6:06 am6:07 pm,42479,510389,3346974,3325.0,29515.0,7871.0,3857363
7,Wed Aug 5 2020,12:06 am6:06 am12:07 pm,30426,502739,3312145,3277.0,28956.0,7751.0,3814884
8,Tue Aug 4 2020,12:06 am6:06 am12:07 pm6:06 pm,31660,497330,3287128,3280.0,28333.0,7526.0,3784458
9,Mon Aug 3 2020,12:06 am6:06 am12:07 pm6:06 pm,31801,491884,3260914,3228.0,27744.0,7279.0,3752798
10,Sun Aug 2 2020,12:06 am6:07 am12:07 pm6:07 pm,41554,487132,3233865,3394.0,27524.0,7206.0,3720997
11,Sat Aug 1 2020,12:06 am12:06 pm6:07 pm,51355,480028,3199415,3409.0,27344.0,7144.0,3679443
12,Fri Jul 31 2020,12:06 am6:07 am12:07 pm6:07 pm,48971,470386,3157702,3363.0,26905.0,6966.0,3628088
13,Thu Jul 30 2020,12:06 pm6:05 pm,52352,461379,3117738,3304.0,26386.0,6709.0,3579117
14,Wed Jul 29 2020,6:06 am12:06 pm6:07 pm,46466,451423,3075342,3220.0,25867.0,6457.0,3526765
15,Tue Jul 28 2020,12:06 am6:06 am12:06 pm6:07 pm,48802,441977,3038322,3017.0,25280.0,6240.0,3480299
16,Mon Jul 27 2020,12:06 am6:07 am12:07 pm6:06 pm,44994,432747,2998750,2902.0,24690.0,6049.0,3431497
17,Sun Jul 26 2020,12:06 am6:06 am6:06 pm,50126,423855,2962648,2871.0,24421.0,5972.0,3386503
18,Sat Jul 25 2020,12:06 am6:07 am12:06 pm,59741,414511,2921866,2850.0,24086.0,5894.0,3336377
19,Fri Jul 24 2020,12:07 pm6:07 pm,65694,402312,2874324,2727.0,23575.0,5768.0,3276636
20,Thu Jul 23 2020,12:07 am6:08 am12:07 pm,56231,389868,2821074,2626.0,22991.0,5632.0,3210942
21,Wed Jul 22 2020,12:08 am6:07 am12:06 pm6:07 pm,54961,379619,2775092,2524.0,22588.0,5459.0,3154711
22,Tue Jul 21 2020,12:07 am6:07 am6:06 pm,47644,369834,2729916,2462.0,22123.0,5319.0,3099750
23,Mon Jul 20 2020,12:06 am6:07 am12:06 pm6:07 pm,49465,360394,2691712,2391.0,21605.0,5183.0,3052106
24,Sun Jul 19 2020,12:06 am6:07 am12:07 pm6:07 pm,70653,350047,2652594,2406.0,21309.0,5091.0,3002641
25,Sat Jul 18 2020,12:06 am6:07 am12:06 pm6:07 pm,51220,337569,2594419,2320.0,20969.0,5002.0,2931988
26,Fri Jul 17 2020,12:06 am6:08 am12:06 pm6:07 pm,65150,327241,2553527,2250.0,20526.0,4912.0,2880768
27,Thu Jul 16 2020,12:07 am6:06 am12:07 pm,79665,315775,2499843,2163.0,20154.0,4782.0,2815618
28,Wed Jul 15 2020,12:06 am12:06 pm6:06 pm,50710,301810,2434143,2189.0,19659.0,4626.0,2735953
29,Tue Jul 14 2020,12:07 am6:07 am12:07 pm6:07 pm,45669,291629,2393614,387.0,19201.0,4514.0,2685243
30,Mon Jul 13 2020,12:07 am12:06 pm6:06 pm,65567,282435,2357139,1995.0,18817.0,4381.0,2639574
31,Sun Jul 12 2020,12:06 am12:07 pm6:07 pm,98708,269811,2304196,2096.0,18590.0,4346.0,2574007
32,Sat Jul 11 2020,12:08 am12:06 pm6:07 pm,53672,254511,2220788,2040.0,18341.0,4301.0,2475299
33,Fri Jul 10 2020,12:07 am6:07 am12:07 pm6:07 pm,64229,244151,2177476,1911.0,17916.0,4203.0,2421627
34,Thu Jul 9 2020,12:06 am6:07 am12:07 pm6:07 pm,37191,232718,2124680,1896.0,17479.0,4111.0,2357398
35,Wed Jul 8 2020,12:07 am6:07 am12:07 pm6:06 pm,51013,223783,2096424,1773.0,17068.0,3991.0,2320207
36,Tue Jul 7 2020,12:36 am6:38 am12:36 pm,35254,213794,2055400,1604.0,16733.0,3943.0,2269194
37,Mon Jul 6 2020,12:37 am6:35 am12:41 pm6:38 pm,33741,206447,2027493,1516.0,16352.0,3880.0,2233940
38,Sun Jul 5 2020,12:37 am6:37 am6:41 pm,53702,200111,2000088,1508.0,16201.0,3832.0,2200199
39,Sat Jul 4 2020,12:36 am6:35 am12:35 pm6:46 pm,65137,190052,1956445,1672.0,16040.0,3803.0,2146497
40,Fri Jul 3 2020,6:36 am12:38 pm6:36 pm,49177,178594,1902766,1717.0,15795.0,3785.0,2081360
41,Thu Jul 2 2020,12:36 am6:37 am12:35 pm6:35 pm,51829,169106,1863077,1683.0,15454.0,3718.0,2032183
42,Wed Jul 1 2020,12:36 am6:37 am12:35 pm6:34 pm,35359,158997,1821357,2094.0,15125.0,3650.0,1980354
43,Tue Jun 30 2020,12:35 am6:34 am6:33 pm,32252,152434,1792561,1904.0,14879.0,3604.0,1944995
44,Mon Jun 29 2020,12:35 am6:36 am12:34 pm6:35 pm,30846,146341,1766402,1744.0,14651.0,3546.0,1912743
45,Sun Jun 28 2020,12:34 am6:33 am12:35 pm6:34 pm,52372,141075,1740822,1726.0,14540.0,3518.0,1881897
46,Sat Jun 27 2020,12:34 am6:40 am12:35 pm6:33 pm,60640,132545,1696980,1731.0,14432.0,3489.0,1829525
47,Fri Jun 26 2020,12:34 am6:36 am12:34 pm6:36 pm,48241,122960,1645925,1752.0,14281.0,3464.0,1768885
48,Thu Jun 25 2020,12:33 am12:35 pm6:34 pm,52302,114018,1606626,1675.0,14068.0,3423.0,1720644
49,Wed Jun 24 2020,12:33 am12:34 pm6:34 pm,27590,109014,1559328,1535.0,13865.0,3377.0,1668342
50,Tue Jun 23 2020,6:35 am12:35 pm6:33 pm,23265,103503,1537249,1425.0,13614.0,3333.0,1640752
51,Mon Jun 22 2020,12:32 am6:33 am12:33 pm6:34 pm,18191,100217,1517270,1546.0,13407.0,3266.0,1617487
52,Sun Jun 21 2020,12:34 am6:32 am12:33 pm6:33 pm,38024,97291,1502005,1625.0,13325.0,3254.0,1599296
53,Sat Jun 20 2020,12:35 am6:34 am12:33 pm6:34 pm,28401,93797,1467475,1630.0,13227.0,3237.0,1561272
54,Fri Jun 19 2020,12:34 am6:35 am12:34 pm6:35 pm,21559,89748,1443123,1578.0,13062.0,3197.0,1532871
55,Thu Jun 18 2020,6:34 am12:36 pm6:30 pm,25553,85926,1425386,1457.0,12862.0,3154.0,1511312
56,Wed Jun 17 2020,12:35 am12:35 pm6:34 pm,25450,82719,1403040,1240.0,12673.0,3110.0,1485759
57,Tue Jun 16 2020,6:33 am12:36 pm6:32 pm,30125,80109,1380200,1150.0,12489.0,3085.0,1460309
58,Mon Jun 15 2020,12:32 am6:33 am12:34 pm6:32 pm,21169,77326,1352858,1167.0,12298.0,3030.0,1430184
59,Sun Jun 14 2020,12:32 am6:34 am12:35 pm6:32 pm,38602,75568,1333447,1184.0,12224.0,3022.0,1409015
60,Sat Jun 13 2020,12:33 am6:35 am12:33 pm6:34 pm,34514,73552,1296861,1241.0,12155.0,3016.0,1370413
61,Fri Jun 12 2020,12:34 am6:35 am12:34 pm,29151,70971,1264928,1242.0,11986.0,2967.0,1335899
62,Thu Jun 11 2020,12:34 am6:34 am12:34 pm6:32 pm,27725,69069,1237679,1242.0,11850.0,2938.0,1306748
63,Wed Jun 10 2020,12:32 am12:33 pm6:31 pm,20718,67371,1211652,1134.0,11621.0,2889.0,1279023
64,Tue Jun 9 2020,6:32 am12:36 pm6:32 pm,23755,66000,1192305,1100.0,11460.0,2851.0,1258305
65,Mon Jun 8 2020,12:30 am6:33 am12:38 pm,18392,64904,1169646,1024.0,11282.0,2798.0,1234550
66,Sun Jun 7 2020,12:30 am6:33 am12:30 pm6:31 pm,41973,63938,1152220,1161.0,11215.0,2786.0,1216158
67,Sat Jun 6 2020,12:36 am6:31 am6:32 pm,39245,62758,1111427,1265.0,11163.0,2773.0,1174185
68,Fri Jun 5 2020,12:28 am6:29 am12:29 pm6:36 pm,27897,61488,1073452,1193.0,11066.0,2745.0,1134940
69,Thu Jun 4 2020,12:30 am6:31 am6:29 pm,26130,60183,1046860,1221.0,10923.0,2691.0,1107043
70,Wed Jun 3 2020,12:30 am6:30 am12:34 pm6:31 pm,31161,58764,1022149,1191.0,10796.0,2650.0,1080913
71,Tue Jun 2 2020,12:32 am6:32 am12:30 pm6:30 pm,9352,57447,992305,1206.0,10678.0,2613.0,1049752
72,Mon Jun 1 2020,12:31 am6:32 am12:29 pm6:29 pm,19051,56830,983570,1160.0,10494.0,2543.0,1040400
73,Sun May 31 2020,12:30 am6:31 am12:32 pm6:31 pm,26381,56163,965186,1332.0,10453.0,2534.0,1021349
74,Sat May 30 2020,6:30 am12:29 pm6:29 pm,11729,55424,939544,0.0,10375.0,2530.0,994968
75,Fri May 29 2020,12:30 am6:29 am7:06 pm,31623,54497,928742,1308.0,10243.0,2495.0,983239
76,Thu May 28 2020,12:30 am12:29 pm6:29 pm,18045,53285,898331,1158.0,10056.0,2446.0,951616
77,Wed May 27 2020,12:37 am6:29 am12:31 pm6:32 pm,10347,52634,880937,955.0,9899.0,2400.0,933571
78,Tue May 26 2020,12:30 am6:31 am12:29 pm6:30 pm,14989,52255,870969,901.0,9740.0,2338.0,923224
79,Mon May 25 2020,12:28 am6:29 am12:30 pm6:29 pm,37000,51746,856489,988.0,9681.0,2331.0,908235
80,Sun May 24 2020,6:28 am12:34 pm6:30 pm,14798,50867,820368,1337.0,9638.0,2316.0,871235
81,Sat May 23 2020,12:30 am12:29 pm6:30 pm,20941,50127,806310,1563.0,9567.0,2312.0,856437
82,Fri May 22 2020,12:32 am6:33 am12:33 pm6:37 pm,21567,49451,786045,1487.0,9372.0,2268.0,835496
83,Thu May 21 2020,12:30 am6:29 am12:29 pm6:31 pm,42581,48675,765254,1471.0,9200.0,2222.0,813929
84,Wed May 20 2020,12:35 am12:29 pm6:30 pm,55493,47471,723877,1357.0,8934.0,2173.0,771348
85,Tue May 19 2020,12:30 am6:30 am12:31 pm6:31 pm,39443,46944,668911,1369.0,8744.0,2129.0,715855
86,Mon May 18 2020,12:31 am6:30 am12:30 pm6:33 pm,24620,46442,629970,1346.0,8553.0,2073.0,676412
87,Sun May 17 2020,12:31 am6:31 am12:31 pm,21745,45588,606204,1479.0,8478.0,2049.0,651792
88,Sat May 16 2020,12:30 am6:31 am12:30 pm6:31 pm,21210,44811,585236,1676.0,8393.0,2040.0,630047
89,Fri May 15 2020,12:31 am12:32 pm6:31 pm,0,43210,565627,1228.0,7993.0,1991.0,608837
90,Thu May 14 2020,12:29 am6:30 am6:33 pm,14074,43210,565627,1228.0,7993.0,1948.0,608837
91,Wed May 13 2020,12:30 am6:29 am12:32 pm6:30 pm,15159,42402,552361,1191.0,7835.0,1898.0,594763
92,Tue May 12 2020,12:29 am12:29 pm,18547,41923,537681,1064.0,7654.0,1849.0,579604
93,Mon May 11 2020,12:07 am6:07 am12:07 pm6:36 pm,22109,40982,520075,1080.0,7458.0,1805.0,561057
94,Sun May 10 2020,12:07 am6:06 am12:07 pm6:06 pm,11217,40596,498352,1265.0,7404.0,1791.0,538948
95,Sat May 9 2020,12:08 am6:07 am6:06 pm,14390,40001,487730,1452.0,7325.0,1785.0,527731
96,Fri May 8 2020,12:08 am6:07 am6:06 pm,20391,39199,474142,1433.0,7157.0,1738.0,513341
97,Thu May 7 2020,12:08 am6:07 am12:08 pm6:07 pm,12899,38828,454122,1499.0,6990.0,1667.0,492950
98,Wed May 6 2020,12:07 am6:07 am12:08 pm6:07 pm,14360,38002,442049,1351.0,6776.0,1605.0,480051
99,Tue May 5 2020,12:07 am6:07 am12:08 pm6:08 pm,21421,37439,428252,1265.0,6546.0,1536.0,465691
100,Mon May 4 2020,12:07 am6:08 am12:08 pm6:07 pm,16081,36897,407373,1181.0,6329.0,1423.0,444270
101,Sun May 3 2020,12:08 am6:07 am12:07 pm6:06 pm,12177,36078,392111,1226.0,6244.0,1403.0,428189
102,Sat May 2 2020,12:07 am6:08 am12:08 pm6:08 pm,13313,35463,380549,,5945.0,1388.0,416012
103,Fri May 1 2020,12:08 am6:08 am12:07 pm6:08 pm,20294,34728,367971,,5795.0,1314.0,402699
104,Thu Apr 30 2020,12:08 pm6:07 pm,8917,33690,348715,1187.0,5795.0,1290.0,382405
105,Wed Apr 29 2020,12:07 am6:08 am,6613,33193,340295,1252.0,5624.0,1240.0,373488
106,Tue Apr 28 2020,12:07 am6:07 am12:08 pm,10412,32846,334029,1216.0,5266.0,1154.0,366875
107,Mon Apr 27 2020,12:08 am6:08 am12:08 pm6:08 pm,11850,32138,324325,1099.0,5211.0,1101.0,356463
108,Sun Apr 26 2020,12:07 am6:08 am12:07 pm6:07 pm,11514,31528,313085,1183.0,5155.0,1094.0,344613
109,Sat Apr 25 2020,12:07 am6:07 am12:07 pm6:07 pm,16140,30839,302260,1292.0,5045.0,1075.0,333099
110,Fri Apr 24 2020,12:07 am6:07 am12:08 pm6:07 pm,20251,30174,286785,1287.0,4888.0,1031.0,316959
111,Thu Apr 23 2020,12:07 am6:07 am12:07 pm6:08 pm,8081,28832,267876,1301.0,4693.0,979.0,296708
112,Wed Apr 22 2020,12:07 am6:07 am12:07 pm6:06 pm,11568,28309,260318,1258.0,4469.0,910.0,288627
113,Tue Apr 21 2020,6:06 am12:06 pm6:05 pm,10834,27495,249564,1203.0,4235.0,856.0,277059
114,Mon Apr 20 2020,6:06 am12:05 pm6:05 pm,10146,26660,239565,1104.0,4010.0,806.0,266225
115,Sun Apr 19 2020,6:07 am12:06 pm6:05 pm,9552,25996,230083,1179.0,3930.0,781.0,256079
116,Sat Apr 18 2020,12:06 am6:05 pm,11690,25269,221258,0.0,3842.0,754.0,246527
117,Fri Apr 17 2020,12:06 am6:06 am12:06 pm6:05 pm,15589,24119,210718,1285.0,3665.0,699.0,234837
118,Thu Apr 16 2020,12:05 am12:06 pm,5739,22897,196351,1325.0,3460.0,646.0,219248
119,Wed Apr 15 2020,12:06 am6:05 am12:05 pm6:06 pm,10329,22511,190998,1335.0,3344.0,609.0,213509
120,Tue Apr 14 2020,6:06 am12:05 pm6:06 pm,6973,21367,181813,1275.0,3060.0,537.0,203180
121,Mon Apr 13 2020,12:06 am12:05 pm6:04 pm,13454,20601,175606,1789.0,2833.0,483.0,196207
122,Sun Apr 12 2020,12:05 am6:06 am12:05 pm6:05 pm,9820,19355,163398,1297.0,2772.0,465.0,182753
123,Sat Apr 11 2020,12:05 am6:05 am12:05 pm6:05 pm,10103,18494,154439,1418.0,2661.0,438.0,172933
124,Fri Apr 10 2020,12:05 am10:34 am6:06 pm,10281,17531,145299,1411.0,2487.0,390.0,162830
125,Thu Apr 9 2020,9:40 am12:05 pm,9415,16364,136185,1395.0,2268.0,354.0,152549
126,Wed Apr 8 2020,,4972,15455,127679,1324.0,2062.0,309.0,143134
127,Tue Apr 7 2020,12:05 am6:05 am12:05 pm6:06 pm,14888,14747,123415,1407.0,1999.0,296.0,138162
128,Mon Apr 6 2020,12:05 am6:06 am12:05 pm6:06 pm,9870,13324,109950,1142.0,1682.0,236.0,123274
129,Sun Apr 5 2020,12:04 am6:04 am12:05 pm6:05 pm,11337,12151,101253,1129.0,1572.0,218.0,113404
130,Sat Apr 4 2020,12:04 am6:05 am12:04 pm6:05 pm,10345,11111,90956,1281.0,1462.0,191.0,102067
131,Fri Apr 3 2020,12:04 am6:04 am12:04 pm6:05 pm,14426,9585,82137,1225.0,1287.0,163.0,91722
132,Thu Apr 2 2020,12:04 am6:04 am12:04 pm6:05 pm,10812,8010,69286,1285.0,1123.0,128.0,77296
133,Wed Apr 1 2020,12:05 am6:03 am12:03 pm6:03 pm,5861,6955,59529,1235.0,949.0,87.0,66484
134,Tue Mar 31 2020,6:04 am12:03 pm6:04 pm,6925,6338,54285,1163.0,823.0,77.0,60623
135,Mon Mar 30 2020,6:04 am12:03 pm6:04 pm,10382,5473,48225,,652.0,63.0,53698
136,Sun Mar 29 2020,1:03 am4:03 pm7:04 pm,4187,4246,39070,,594.0,56.0,43316
137,Sat Mar 28 2020,1:05 am4:05 pm7:05 pm,8178,3763,35366,,526.0,54.0,39129
138,Fri Mar 27 2020,4:04 pm7:04 pm,4855,2765,28186,1517.0,456.0,34.0,30951
139,Thu Mar 26 2020,1:04 am2:04 pm,9040,2355,23741,1443.0,406.0,28.0,26096
140,Wed Mar 25 2020,12:59 am2:03 pm7:03 pm,2517,1682,15374,1233.0,316.0,22.0,17056
141,Tue Mar 24 2020,1:02 am2:02 pm7:02 pm,2305,1412,13127,1008.0,259.0,18.0,14539
142,Mon Mar 23 2020,1:02 am2:02 pm7:02 pm,3414,1171,11063,860.0,217.0,14.0,12234
143,Sun Mar 22 2020,1:02 am2:02 pm7:02 pm,1583,830,7990,963.0,185.0,13.0,8820
144,Sat Mar 21 2020,1:02 am2:02 pm7:02 pm,4847,658,6579,1002.0,158.0,12.0,7237
145,Fri Mar 20 2020,11:54 pm1:02 am2:02 pm7:08 pm,467,520,1870,1026.0,,10.0,2390
146,Thu Mar 19 2020,1:01 am2:03 pm6:27 pm,384,390,1533,1019.0,,8.0,1923
147,Wed Mar 18 2020,1:01 am2:09 pm7:02 pm,413,314,1225,954.0,,7.0,1539
148,Tue Mar 17 2020,11:07 pm2:11 pm6:01 pm,301,186,940,872.0,,6.0,1126
149,Mon Mar 16 2020,10:55 am,31,141,684,514.0,,4.0,825
150,Sun Mar 15 2020,2:15 am4:33 pm,239,116,678,454.0,,4.0,794
151,Sat Mar 14 2020,,27,77,478,221.0,,3.0,555
152,Fri Mar 13 2020,,195,50,478,221.0,,2.0,528
153,Thu Mar 12 2020,,4,32,301,147.0,,2.0,333
154,Wed Mar 11 2020,,88,28,301,147.0,,2.0,329
155,Tue Mar 10 2020,,83,19,222,155.0,,,241
156,Mon Mar 9 2020,,23,18,140,115.0,,,158
157,Sun Mar 8 2020,,21,17,118,108.0,,,135
158,Sat Mar 7 2020,,50,14,100,88.0,,,114
159,Fri Mar 6 2020,,24,9,55,51.0,,,64
160,Thu Mar 5 2020,,14,9,31,69.0,,,40
161,Wed Mar 4 2020,,0,2,24,16.0,,,26
