,Date,Screenshots (ET),New Tests,Cases,Negative,Pending,Hospitalized,Deaths,Total
0,Wed Aug 12 2020,12:17 am6:19 am12:23 pm6:17 pm,-194215,139061,1684222.0,,,2249.0,1823283
1,Tue Aug 11 2020,12:17 am6:17 am12:19 pm6:17 pm,15579,137895,1879603.0,,,2204.0,2017498
2,Mon Aug 10 2020,12:18 am6:17 am12:18 pm6:17 pm,15371,136844,1865075.0,,,2172.0,2001919
3,Sun Aug 9 2020,12:17 am6:20 am12:18 pm6:20 pm,16782,136218,1850330.0,,,2168.0,1986548
4,Sat Aug 8 2020,12:20 am6:18 am12:17 pm6:17 pm,29954,134766,1835000.0,,,2160.0,1969766
5,Fri Aug 7 2020,12:19 am6:19 am12:18 pm6:17 pm,35062,132812,1807000.0,,,2134.0,1939812
6,Thu Aug 6 2020,12:17 am6:17 am12:18 pm6:18 pm,31082,131267,1773483.0,,,2092.0,1904750
7,Wed Aug 5 2020,12:17 am6:17 am12:19 pm6:18 pm,19642,129288,1744380.0,,,2050.0,1873668
8,Tue Aug 4 2020,12:17 am6:16 am12:17 pm6:21 pm,16616,128161,1725865.0,,,2010.0,1854026
9,Mon Aug 3 2020,12:16 am6:16 am12:18 pm6:17 pm,23900,126532,1710878.0,,,1982.0,1837410
10,Sun Aug 2 2020,12:15 am6:19 am12:18 pm6:18 pm,27098,125219,1688291.0,,,1969.0,1813510
11,Sat Aug 1 2020,12:17 am6:18 am12:16 pm6:17 pm,29310,123878,1662534.0,,,1964.0,1786412
12,Fri Jul 31 2020,12:15 am6:17 am12:18 pm6:17 pm,32178,122148,1634954.0,,,1924.0,1757102
13,Thu Jul 30 2020,12:17 am6:16 am12:16 pm6:15 pm,33490,120194,1604730.0,,,1903.0,1724924
14,Wed Jul 29 2020,12:16 am6:16 am12:17 pm6:17 pm,27894,117850,1573584.0,,,1865.0,1691434
15,Tue Jul 28 2020,12:16 am6:17 am12:16 pm6:18 pm,28064,116087,1547453.0,,,1820.0,1663540
16,Mon Jul 27 2020,12:16 am6:16 am12:16 pm6:17 pm,22091,114338,1521138.0,,,1790.0,1635476
17,Sun Jul 26 2020,12:17 am6:17 am12:17 pm6:22 pm,34343,112713,1500672.0,,,1785.0,1613385
18,Sat Jul 25 2020,12:16 am6:17 am12:16 pm6:16 pm,28745,111092,1467950.0,,,1778.0,1579042
19,Fri Jul 24 2020,12:20 am6:19 am12:19 pm6:18 pm,26622,108995,1441302.0,,,1746.0,1550297
20,Thu Jul 23 2020,12:19 am6:19 am12:19 pm6:19 pm,31855,106893,1416782.0,,,1726.0,1523675
21,Wed Jul 22 2020,12:19 am6:17 am12:17 pm6:19 pm,32823,105001,1386819.0,,,1698.0,1491820
22,Tue Jul 21 2020,12:18 am6:18 am12:20 pm6:17 pm,35109,102861,1356136.0,,,1668.0,1458997
23,Mon Jul 20 2020,12:18 am6:18 am12:18 pm6:19 pm,29024,101046,1322842.0,,,1642.0,1423888
24,Sun Jul 19 2020,12:17 am6:18 am12:18 pm6:18 pm,15721,99778,1295086.0,,,1634.0,1394864
25,Sat Jul 18 2020,12:16 am6:18 am12:17 pm6:18 pm,35169,97958,1281185.0,,,1629.0,1379143
26,Fri Jul 17 2020,12:17 am6:19 am12:17 pm6:17 pm,31217,95477,1248497.0,,,1606.0,1343974
27,Thu Jul 16 2020,12:18 am6:17 am12:18 pm6:18 pm,28120,93426,1219331.0,,,1588.0,1312757
28,Wed Jul 15 2020,12:17 am6:19 am12:17 pm6:17 pm,29791,91266,1193371.0,,,1568.0,1284637
29,Tue Jul 14 2020,12:17 am6:19 am12:18 pm6:23 pm,34360,89484,1165362.0,,,1552.0,1254846
30,Mon Jul 13 2020,12:18 am6:18 am12:16 pm6:18 pm,20911,87528,1132958.0,,,1510.0,1220486
31,Sun Jul 12 2020,12:17 am6:17 am12:19 pm6:19 pm,23517,85701,1113874.0,,,1503.0,1199575
32,Sat Jul 11 2020,12:20 am6:18 am12:16 pm6:16 pm,25446,83793,1092265.0,,,1499.0,1176058
33,Fri Jul 10 2020,12:18 am6:18 am12:19 pm6:17 pm,28801,81331,1069281.0,,,1479.0,1150612
34,Thu Jul 9 2020,12:17 am6:17 am12:18 pm6:17 pm,25129,79349,1042462.0,,,1461.0,1121811
35,Wed Jul 8 2020,12:17 am6:17 am12:17 pm6:16 pm,25392,77310,1019372.0,,,1441.0,1096682
36,Tue Jul 7 2020,6:48 am12:44 pm,19444,75875,995415.0,,,1420.0,1071290
37,Mon Jul 6 2020,12:46 am6:45 am12:50 pm6:47 pm,15008,74529,977317.0,,,1398.0,1051846
38,Sun Jul 5 2020,12:46 am6:47 am12:44 pm6:50 pm,18542,72983,963855.0,,,1396.0,1036838
39,Sat Jul 4 2020,12:45 am6:45 am12:44 pm6:55 pm,19003,71654,946642.0,,,1395.0,1018296
40,Fri Jul 3 2020,6:46 am12:48 pm6:45 pm,28173,70241,929052.0,,,1392.0,999293
41,Thu Jul 2 2020,12:46 am6:46 am12:44 pm6:45 pm,28882,68142,902978.0,,,1391.0,971120
42,Wed Jul 1 2020,12:44 am6:46 am12:43 pm6:43 pm,32205,66513,875725.0,,,1373.0,942238
43,Tue Jun 30 2020,12:44 am6:41 am12:44 pm6:42 pm,23728,64670,845363.0,,,1343.0,910033
44,Mon Jun 29 2020,12:43 am6:45 am12:43 pm6:43 pm,14400,63484,822821.0,,,1325.0,886305
45,Sun Jun 28 2020,12:43 am6:42 am12:44 pm6:43 pm,16774,62142,809763.0,,,1322.0,871905
46,Sat Jun 27 2020,12:44 am6:49 am12:43 pm6:42 pm,18406,60537,794594.0,,,1312.0,855131
47,Fri Jun 26 2020,12:42 am6:45 am12:42 pm6:45 pm,25447,58818,777907.0,,,1303.0,836725
48,Thu Jun 25 2020,12:42 am6:45 am12:45 pm6:43 pm,19993,57183,754095.0,,,1284.0,811278
49,Wed Jun 24 2020,12:42 am6:42 am12:43 pm6:42 pm,17457,56174,735111.0,,,1266.0,791285
50,Tue Jun 23 2020,12:45 am6:43 am12:44 pm6:41 pm,16483,54453,719375.0,,,1251.0,773828
51,Mon Jun 22 2020,12:40 am6:41 am12:42 pm6:43 pm,11570,53605,703740.0,,,1223.0,757345
52,Sun Jun 21 2020,12:42 am6:40 am12:42 pm6:41 pm,14434,52801,692974.0,,,1220.0,745775
53,Sat Jun 20 2020,12:44 am6:43 am12:40 pm6:42 pm,19028,51389,679952.0,,,1212.0,731341
54,Fri Jun 19 2020,12:43 am6:44 am12:43 pm6:43 pm,18635,49840,662473.0,,,1197.0,712313
55,Thu Jun 18 2020,12:43 am6:42 am12:44 pm6:39 pm,26256,48188,645490.0,,,1175.0,693678
56,Wed Jun 17 2020,12:43 am6:44 am12:43 pm6:43 pm,16001,46855,620567.0,,,1168.0,667422
57,Tue Jun 16 2020,12:43 am6:41 am12:44 pm6:40 pm,12942,45853,605568.0,,,1154.0,651421
58,Mon Jun 15 2020,12:41 am6:42 am12:43 pm6:40 pm,11349,45102,593377.0,,,1118.0,638479
59,Sun Jun 14 2020,12:40 am6:42 am12:43 pm6:40 pm,15440,44119,583011.0,,,1109.0,627130
60,Sat Jun 13 2020,12:42 am6:44 am12:41 pm6:42 pm,15993,42676,569014.0,,,1104.0,611690
61,Fri Jun 12 2020,12:42 am6:43 am12:43 pm6:42 pm,23020,41249,554448.0,,,1092.0,595697
62,Thu Jun 11 2020,12:42 am6:43 am12:42 pm6:40 pm,19027,39481,533196.0,,,1064.0,572677
63,Wed Jun 10 2020,12:40 am6:42 am12:42 pm6:40 pm,17939,38171,515479.0,,,1053.0,553650
64,Tue Jun 9 2020,12:42 am6:40 am12:46 pm6:41 pm,15598,37160,498551.0,,,1029.0,535711
65,Mon Jun 8 2020,12:39 am6:41 am12:47 pm6:47 pm,8887,36484,483629.0,,,1006.0,520113
66,Sun Jun 7 2020,12:39 am6:43 am12:40 pm6:40 pm,13876,35546,475680.0,,,996.0,511226
67,Sat Jun 6 2020,12:45 am6:39 am12:42 pm6:46 pm,15203,34625,462725.0,,,992.0,497350
68,Fri Jun 5 2020,12:38 am6:38 am12:39 pm6:46 pm,13845,33255,448892.0,,,966.0,482147
69,Thu Jun 4 2020,12:39 am6:39 am12:38 pm6:38 pm,19039,31966,436336.0,,,960.0,468302
70,Wed Jun 3 2020,12:38 am6:38 am12:43 pm6:40 pm,14342,30777,418486.0,,,939.0,449263
71,Tue Jun 2 2020,12:41 am6:41 am12:38 pm6:39 pm,13013,29889,405032.0,,,921.0,434921
72,Mon Jun 1 2020,12:39 am6:41 am12:38 pm6:38 pm,5619,29263,392645.0,,,898.0,421908
73,Sun May 31 2020,12:38 am6:39 am12:41 pm6:41 pm,12132,28589,387700.0,,,886.0,416289
74,Sat May 30 2020,12:39 am6:38 am12:38 pm6:38 pm,12926,27673,376484.0,,,877.0,404157
75,Fri May 29 2020,12:39 am6:37 am7:15 pm,16039,26488,364743.0,,,859.0,391231
76,Thu May 28 2020,12:39 am6:41 am12:38 pm6:38 pm,11036,25412,349780.0,,,827.0,375192
77,Wed May 27 2020,12:46 am6:38 am12:45 pm6:40 pm,11825,24628,339528.0,,,794.0,364156
78,Tue May 26 2020,12:39 am6:40 am12:38 pm6:39 pm,7641,24140,328191.0,,,766.0,352331
79,Mon May 25 2020,12:37 am6:37 am12:39 pm6:37 pm,8034,23964,320726.0,,,754.0,344690
80,Sun May 24 2020,12:39 am6:36 am12:42 pm6:40 pm,7074,23222,313434.0,,,744.0,336656
81,Sat May 23 2020,12:40 am6:38 am12:37 pm6:38 pm,26358,22725,306857.0,,,737.0,329582
82,Fri May 22 2020,12:42 am6:42 am12:43 pm6:45 pm,12579,21618,281606.0,,,728.0,303224
83,Thu May 21 2020,12:39 am6:37 am12:37 pm6:40 pm,13042,20860,269785.0,,,716.0,290645
84,Wed May 20 2020,12:43 am6:39 am12:37 pm6:39 pm,12595,20122,257481.0,,,702.0,277603
85,Tue May 19 2020,12:38 am6:38 am12:40 pm6:39 pm,9253,19700,245308.0,,,691.0,265008
86,Mon May 18 2020,12:39 am6:38 am12:38 pm6:42 pm,6811,19023,236732.0,,,661.0,255755
87,Sun May 17 2020,12:39 am6:39 am12:39 pm6:41 pm,10358,18512,230432.0,,,659.0,248944
88,Sat May 16 2020,12:39 am6:39 am12:38 pm6:39 pm,7039,17982,220604.0,,,652.0,238586
89,Fri May 15 2020,12:39 am6:38 am12:40 pm6:40 pm,12279,17129,214418.0,,,641.0,231547
90,Thu May 14 2020,12:38 am6:39 am12:40 pm6:41 pm,8811,16507,202761.0,,,615.0,219268
91,Wed May 13 2020,12:38 am6:36 am12:40 pm6:38 pm,8213,15816,194641.0,,,597.0,210457
92,Tue May 12 2020,12:38 am6:37 am12:38 pm6:37 pm,6379,15346,186898.0,,,577.0,202244
93,Mon May 11 2020,12:16 am6:14 am12:15 pm6:43 pm,3730,15045,180820.0,,,550.0,195865
94,Sun May 10 2020,12:16 am6:14 am12:15 pm6:15 pm,5773,14764,177371.0,,,547.0,192135
95,Sat May 9 2020,12:17 am6:15 am12:16 pm6:15 pm,7749,14360,172002.0,,,544.0,186362
96,Fri May 8 2020,12:17 am6:15 am12:15 pm6:13 pm,7285,13868,164745.0,,,527.0,178613
97,Thu May 7 2020,12:16 am6:15 am12:17 pm6:15 pm,6846,13397,157931.0,,,507.0,171328
98,Wed May 6 2020,12:15 am6:14 am12:17 pm6:15 pm,12682,12758,151724.0,,,477.0,164482
99,Tue May 5 2020,12:16 am6:15 am12:16 pm6:16 pm,5361,12256,139544.0,,,452.0,151800
100,Mon May 4 2020,12:15 am6:16 am12:14 pm6:15 pm,2604,11848,134591.0,,,430.0,146439
101,Sun May 3 2020,12:16 am6:15 am12:15 pm6:14 pm,4360,11664,132171.0,,,422.0,143835
102,Sat May 2 2020,12:16 am6:16 am12:16 pm6:15 pm,5643,11509,127966.0,,,420.0,139475
103,Fri May 1 2020,12:15 am6:16 am12:15 pm6:22 pm,5796,10923,122909.0,,,399.0,133832
104,Thu Apr 30 2020,12:15 pm6:14 pm,9596,10509,117527.0,,,378.0,128036
105,Wed Apr 29 2020,12:15 am6:15 am6:33 pm,5688,9948,108492.0,,,354.0,118440
106,Tue Apr 28 2020,12:13 am6:14 am12:15 pm,2832,9568,103184.0,,,342.0,112752
107,Mon Apr 27 2020,12:15 am6:15 am12:15 pm6:14 pm,2026,9142,100778.0,,,306.0,109920
108,Sun Apr 26 2020,12:14 am6:15 am12:14 pm6:14 pm,2629,8830,99064.0,,,299.0,107894
109,Sat Apr 25 2020,12:15 am6:13 am12:14 pm6:14 pm,4681,8623,96642.0,,,289.0,105265
110,Fri Apr 24 2020,12:14 am6:14 am12:15 pm6:13 pm,4399,8052,92532.0,,,269.0,100584
111,Thu Apr 23 2020,12:13 am6:14 am12:18 pm6:15 pm,5849,7608,88577.0,,,253.0,96185
112,Wed Apr 22 2020,12:14 am6:13 am12:14 pm6:13 pm,7005,7220,83116.0,,,242.0,90336
113,Tue Apr 21 2020,6:12 am12:13 pm6:12 pm,3847,6951,76380.0,,,213.0,83331
114,Mon Apr 20 2020,6:13 am12:13 pm6:11 pm,712,6764,72720.0,,,179.0,79484
115,Sun Apr 19 2020,6:13 am12:12 pm6:11 pm,2561,6493,72279.0,,,172.0,78772
116,Sat Apr 18 2020,12:12 am6:12 pm,3230,6140,70071.0,,,164.0,76211
117,Fri Apr 17 2020,12:12 am6:12 am12:12 pm6:12 pm,2064,5859,67122.0,,,152.0,72981
118,Thu Apr 16 2020,12:12 am12:12 pm6:12 pm,3090,5465,65452.0,,,131.0,70917
119,Wed Apr 15 2020,12:13 am6:11 am12:12 pm6:13 pm,2788,5123,62704.0,,,117.0,67827
120,Tue Apr 14 2020,6:12 am12:11 pm6:12 pm,1651,5024,60015.0,,,108.0,65039
121,Mon Apr 13 2020,12:12 am12:11 pm6:11 pm,1249,4816,58572.0,,,86.0,63388
122,Sun Apr 12 2020,12:11 am6:12 am12:12 pm6:12 pm,1746,4520,57619.0,,,81.0,62139
123,Sat Apr 11 2020,12:12 am6:11 am12:12 pm6:11 pm,2748,4312,56081.0,,,80.0,60393
124,Fri Apr 10 2020,12:11 am10:40 am6:14 pm,9836,3908,53737.0,,,74.0,57645
125,Thu Apr 9 2020,9:46 am12:11 pm6:47 pm,4822,3651,44158.0,,,65.0,47809
126,Wed Apr 8 2020,,1905,3426,39561.0,,,53.0,42987
127,Tue Apr 7 2020,12:11 am6:11 am12:12 pm6:11 pm,356,3221,37861.0,,,46.0,41082
128,Mon Apr 6 2020,12:11 am6:12 am12:11 pm6:12 pm,681,2870,37856.0,,,33.0,40726
129,Sun Apr 5 2020,12:10 am6:10 am12:11 pm6:11 pm,1272,2585,37460.0,,,31.0,40045
130,Sat Apr 4 2020,12:10 am6:12 am12:11 pm6:10 pm,7175,2402,36371.0,,,24.0,38773
131,Fri Apr 3 2020,12:10 am6:10 am12:11 pm6:10 pm,2919,2093,29505.0,,,19.0,31598
132,Thu Apr 2 2020,12:11 am6:10 am12:10 pm6:12 pm,2436,1857,26822.0,,,16.0,28679
133,Wed Apr 1 2020,12:14 am6:09 am12:09 pm6:08 pm,3137,1584,24659.0,,,10.0,26243
134,Tue Mar 31 2020,12:12 am6:10 am12:10 pm6:10 pm,2242,1498,21608.0,,,8.0,23106
135,Mon Mar 30 2020,6:10 am12:09 pm6:09 pm,1919,1307,19557.0,,,6.0,20864
136,Sun Mar 29 2020,1:09 am4:11 pm7:09 pm,1418,1040,17905.0,,,4.0,18945
137,Sat Mar 28 2020,1:10 am4:12 pm7:12 pm,2391,935,16592.0,,,4.0,17527
138,Fri Mar 27 2020,4:10 pm7:10 pm,2226,763,14373.0,,,3.0,15136
139,Thu Mar 26 2020,1:09 am2:10 pm,2421,636,12274.0,,,2.0,12910
140,Wed Mar 25 2020,12:50 am2:07 pm7:08 pm,1950,504,9985.0,,,1.0,10489
141,Tue Mar 24 2020,1:05 am2:06 pm7:06 pm,101,398,8141.0,,,0.0,8539
142,Mon Mar 23 2020,1:06 am2:08 pm7:08 pm,2000,297,8141.0,,,0.0,8438
143,Sun Mar 22 2020,1:05 am2:05 pm7:07 pm,1162,255,6183.0,,,0.0,6438
144,Sat Mar 21 2020,1:07 am2:07 pm7:06 pm,2043,184,5092.0,,,0.0,5276
145,Fri Mar 20 2020,1:05 am2:07 pm7:15 pm,728,137,3096.0,,,0.0,3233
146,Thu Mar 19 2020,1:04 am2:06 pm7:05 pm,655,97,2408.0,,,0.0,2505
147,Wed Mar 18 2020,1:04 am2:15 pm7:05 pm,1336,63,1787.0,,,0.0,1850
148,Tue Mar 17 2020,11:10 pm2:14 pm6:04 pm,185,40,474.0,,,0.0,514
149,Mon Mar 16 2020,1:09 pm,70,33,296.0,151.0,,0.0,329
150,Sun Mar 15 2020,2:18 am4:36 pm,99,32,227.0,151.0,,,259
151,Sat Mar 14 2020,,59,23,137.0,,,,160
152,Fri Mar 13 2020,,29,15,86.0,,,,101
153,Thu Mar 12 2020,,65,12,60.0,,,,72
154,Wed Mar 11 2020,,0,7,,,,,7
155,Tue Mar 10 2020,,5,7,,,,,7
156,Mon Mar 9 2020,,0,2,,,,,2
157,Sun Mar 8 2020,,0,2,,,,,2
158,Sat Mar 7 2020,,0,2,,,,,2
159,Fri Mar 6 2020,,1,2,,,,,2
160,Thu Mar 5 2020,,0,1,,,,,1
161,Wed Mar 4 2020,,0,1,,,,,1
