,Date,Screenshots (ET),New Tests,Cases,Negative,Pending,Hospitalized,Deaths,Total
0,Wed Aug 12 2020,12:14 am6:16 am12:19 pm6:15 pm,6755,62303,890482,,5711.0,1724.0,952785
1,Tue Aug 11 2020,12:14 am6:14 am12:16 pm6:15 pm,1870,61839,884191,,5661.0,1707.0,946030
2,Mon Aug 10 2020,12:15 am6:14 am12:16 pm6:13 pm,9187,61516,882644,,5606.0,1701.0,944160
3,Sun Aug 9 2020,12:14 am12:15 pm6:17 pm,13576,60898,874075,,5555.0,1698.0,934973
4,Sat Aug 8 2020,12:16 am6:15 am12:14 pm6:14 pm,11126,60101,861296,,5506.0,1689.0,921397
5,Fri Aug 7 2020,12:16 am6:16 am12:15 pm6:14 pm,10791,59185,851086,,5458.0,1681.0,910271
6,Thu Aug 6 2020,12:14 am6:14 am12:15 pm6:15 pm,11857,58640,840840,,5421.0,1677.0,899480
7,Wed Aug 5 2020,12:14 am6:14 am12:15 pm6:15 pm,9512,57779,829844,,5373.0,1670.0,887623
8,Tue Aug 4 2020,12:14 am6:13 am12:14 pm6:14 pm,6107,57162,820949,,5346.0,1660.0,878111
9,Mon Aug 3 2020,12:13 am6:13 am12:15 pm6:14 pm,13663,56560,815444,,5298.0,1656.0,872004
10,Sun Aug 2 2020,12:13 am6:16 am12:15 pm6:14 pm,12073,55947,802394,,5241.0,1654.0,858341
11,Sat Aug 1 2020,12:15 am6:15 am12:13 pm6:14 pm,11914,55188,791080,,5208.0,1646.0,846268
12,Fri Jul 31 2020,12:13 am6:15 am12:15 pm6:14 pm,-173528,54463,779891,,5155.0,1640.0,834354
13,Thu Jul 30 2020,12:14 am6:13 am12:14 pm6:12 pm,14791,53692,954190,,5112.0,1634.0,1007882
14,Wed Jul 29 2020,12:14 am6:14 am12:14 pm6:15 pm,13103,52947,940144,,5077.0,1629.0,993091
15,Tue Jul 28 2020,12:13 am6:15 am12:14 pm6:15 pm,9262,52281,927707,,5028.0,1620.0,979988
16,Mon Jul 27 2020,12:13 am6:14 am12:13 pm6:14 pm,13352,51803,918923,,4961.0,1616.0,970726
17,Sun Jul 26 2020,12:14 am6:15 am12:14 pm6:14 pm,16678,51153,906221,,4920.0,1614.0,957374
18,Sat Jul 25 2020,12:14 am6:14 am12:14 pm6:13 pm,17820,50291,890405,,4889.0,1611.0,940696
19,Fri Jul 24 2020,12:16 am6:16 am6:15 pm,17561,49488,873388,,4852.0,1606.0,922876
20,Thu Jul 23 2020,12:16 am6:16 am12:16 pm6:15 pm,16764,48721,856594,,4818.0,1601.0,905315
21,Wed Jul 22 2020,12:16 am6:15 am12:14 pm6:16 pm,11692,47961,840590,,4771.0,1592.0,888551
22,Tue Jul 21 2020,6:16 am12:18 pm6:14 pm,9449,47457,829402,,4723.0,1588.0,876859
23,Mon Jul 20 2020,12:15 am6:16 am12:16 pm6:16 pm,14222,47107,820303,,4678.0,1585.0,867410
24,Sun Jul 19 2020,12:14 am6:16 am12:15 pm6:15 pm,17226,46204,806984,,4627.0,1581.0,853188
25,Sat Jul 18 2020,12:14 am6:16 am12:14 pm6:16 pm,16451,45470,790492,,4602.0,1578.0,835962
26,Fri Jul 17 2020,12:15 am6:17 am12:14 pm6:14 pm,14299,45013,774498,,4563.0,1573.0,819511
27,Thu Jul 16 2020,12:15 am6:14 am12:15 pm6:15 pm,14715,44347,760865,,4526.0,1566.0,805212
28,Wed Jul 15 2020,12:15 am6:16 am12:14 pm6:14 pm,12883,43742,746755,,4495.0,1558.0,790497
29,Tue Jul 14 2020,12:15 am6:16 am12:15 pm,8625,43170,734444,,4452.0,1548.0,777614
30,Mon Jul 13 2020,12:15 am6:15 am12:13 pm,13937,42772,726217,,4424.0,1542.0,768989
31,Sun Jul 12 2020,12:14 am6:14 am12:16 pm6:16 pm,12957,42281,712771,,4399.0,1540.0,755052
32,Sat Jul 11 2020,12:17 am6:16 am12:14 pm6:14 pm,16270,41571,700524,,4366.0,1537.0,742095
33,Fri Jul 10 2020,12:15 am6:15 am12:16 pm6:15 pm,20385,40767,685058,,4329.0,1533.0,725825
34,Thu Jul 9 2020,12:15 am6:15 am12:15 pm6:15 pm,12470,40163,665277,,4305.0,1528.0,705440
35,Wed Jul 8 2020,12:14 am6:15 am12:15 pm6:14 pm,7723,39589,653381,,4272.0,1523.0,692970
36,Tue Jul 7 2020,12:44 am6:46 am12:43 pm,5554,39133,646114,,4252.0,1514.0,685247
37,Mon Jul 6 2020,6:43 am12:48 pm6:45 pm,5678,38569,641124,,4219.0,1511.0,679693
38,Sun Jul 5 2020,12:44 am12:42 pm6:48 pm,28843,38136,635879,,4170.0,1508.0,674015
39,Sat Jul 4 2020,12:43 am6:43 am12:42 pm6:53 pm,0,37624,607548,,4139.0,1503.0,645172
40,Fri Jul 3 2020,6:44 am12:46 pm6:43 pm,14745,37624,607548,,4139.0,1503.0,645172
41,Thu Jul 2 2020,12:44 am6:44 am12:42 pm6:43 pm,13320,37210,593217,,4112.0,1495.0,630427
42,Wed Jul 1 2020,12:42 am6:44 am12:41 pm6:41 pm,11791,36716,580391,,4081.0,1482.0,617107
43,Tue Jun 30 2020,12:42 am6:40 am12:42 pm6:40 pm,12361,36303,569013,,4054.0,1476.0,605316
44,Mon Jun 29 2020,12:41 am6:43 am12:41 pm6:41 pm,7538,35861,557094,,4031.0,1470.0,592955
45,Sun Jun 28 2020,12:41 am6:40 am12:42 pm6:41 pm,16510,35549,549868,,4010.0,1460.0,585417
46,Sat Jun 27 2020,12:41 am6:47 am12:41 pm6:40 pm,11629,35033,533874,,3986.0,1452.0,568907
47,Fri Jun 26 2020,12:40 am6:43 am12:40 pm6:43 pm,14582,34616,522662,,3966.0,1446.0,557278
48,Thu Jun 25 2020,12:40 am6:44 am12:43 pm6:41 pm,13053,34123,508573,,3943.0,1441.0,542696
49,Wed Jun 24 2020,12:40 am6:40 am12:41 pm6:40 pm,9598,33763,495880,,3897.0,1432.0,529643
50,Tue Jun 23 2020,12:42 am6:41 am12:42 pm6:39 pm,6908,33469,486576,,3860.0,1425.0,520045
51,Mon Jun 22 2020,12:39 am6:39 am12:40 pm6:41 pm,8774,33227,479910,,3830.0,1416.0,513137
52,Sun Jun 21 2020,12:40 am6:38 am12:40 pm6:39 pm,12320,32920,471443,,3797.0,1412.0,504363
53,Sat Jun 20 2020,12:41 am6:41 am12:39 pm6:40 pm,16891,32467,459576,,3767.0,1404.0,492043
54,Fri Jun 19 2020,12:40 am6:42 am12:41 pm6:41 pm,14273,32031,443121,,3748.0,1393.0,475152
55,Thu Jun 18 2020,12:41 am6:40 am12:42 pm6:37 pm,12292,31675,429204,,3718.0,1376.0,460879
56,Wed Jun 17 2020,12:41 am6:42 am12:41 pm6:41 pm,19442,31296,417291,,3689.0,1357.0,448587
57,Tue Jun 16 2020,6:39 am12:42 pm6:38 pm,6223,30882,398263,,3658.0,1344.0,429145
58,Mon Jun 15 2020,12:39 am6:40 am12:41 pm6:38 pm,5212,30693,392229,,3630.0,1335.0,422922
59,Sun Jun 14 2020,12:38 am6:41 am12:41 pm6:38 pm,0,30471,387239,,3610.0,1329.0,417710
60,Sat Jun 13 2020,12:40 am6:42 am12:39 pm6:40 pm,9658,30465,387245,,3581.0,1314.0,417710
61,Fri Jun 12 2020,12:40 am6:41 am12:41 pm6:41 pm,12818,30463,377589,,3557.0,1305.0,408052
62,Thu Jun 11 2020,12:40 am6:41 am12:41 pm6:38 pm,13401,30418,364816,,3522.0,1280.0,395234
63,Wed Jun 10 2020,12:38 am6:40 am12:40 pm6:38 pm,12040,30199,351634,,3482.0,1267.0,381833
64,Tue Jun 9 2020,12:40 am6:39 am12:43 pm6:39 pm,8881,29866,339927,,3441.0,1228.0,369793
65,Mon Jun 8 2020,12:38 am6:39 am12:45 pm6:45 pm,7771,29436,331476,,3401.0,1208.0,360912
66,Sun Jun 7 2020,12:37 am12:38 pm6:38 pm,9544,28988,324153,,3367.0,1197.0,353141
67,Sat Jun 6 2020,6:37 am12:40 pm6:44 pm,10412,28853,314744,,3336.0,1181.0,343597
68,Fri Jun 5 2020,12:36 am6:36 am12:37 pm6:43 pm,11037,28688,304497,,3289.0,1159.0,333185
69,Thu Jun 4 2020,12:37 am6:37 am12:36 pm6:36 pm,10940,28290,293858,,3253.0,1126.0,322148
70,Wed Jun 3 2020,12:37 am6:37 am12:41 pm6:38 pm,15901,27889,283319,,3203.0,1097.0,311208
71,Tue Jun 2 2020,12:39 am6:39 am12:36 pm6:37 pm,7671,27376,267931,,3134.0,1082.0,295307
72,Mon Jun 1 2020,12:38 am6:39 am12:36 pm6:36 pm,4181,26897,260739,,3086.0,1060.0,287636
73,Sun May 31 2020,12:37 am6:37 am12:39 pm6:39 pm,6882,26322,257133,,3047.0,1050.0,283455
74,Sat May 30 2020,12:37 am6:36 am12:36 pm6:36 pm,8436,26181,250392,,3011.0,1036.0,276573
75,Fri May 29 2020,12:37 am6:36 am7:13 pm,10383,26013,242124,,2936.0,1006.0,268137
76,Thu May 28 2020,12:37 am6:38 am12:36 pm6:36 pm,9945,25559,232195,,2880.0,977.0,257754
77,Wed May 27 2020,12:44 am6:36 am12:38 pm6:39 pm,9527,24988,222821,,2796.0,942.0,247809
78,Tue May 26 2020,12:37 am6:38 am12:36 pm6:36 pm,6942,24308,213974,,2709.0,908.0,238282
79,Mon May 25 2020,12:35 am6:35 am12:37 pm6:35 pm,6653,23524,207816,,2676.0,890.0,231340
80,Sun May 24 2020,6:34 am12:41 pm6:37 pm,6981,23121,201566,,2588.0,878.0,224687
81,Sat May 23 2020,12:38 am6:36 am12:35 pm6:37 pm,8896,22765,194941,,2534.0,861.0,217706
82,Fri May 22 2020,12:39 am6:40 am12:41 pm6:44 pm,9722,22374,186436,,2432.0,851.0,208810
83,Thu May 21 2020,12:37 am6:35 am12:35 pm6:38 pm,8280,21582,177506,,2380.0,818.0,199088
84,Wed May 20 2020,12:41 am6:37 am12:35 pm6:37 pm,6957,20609,170199,,2308.0,786.0,190808
85,Tue May 19 2020,12:36 am6:36 am12:38 pm6:38 pm,6377,19842,164009,,2221.0,757.0,183851
86,Mon May 18 2020,12:38 am6:36 am12:37 pm6:40 pm,6389,18987,158487,,2128.0,740.0,177474
87,Sun May 17 2020,12:37 am6:38 am12:38 pm6:39 pm,5981,18016,153069,,2090.0,731.0,171085
88,Sat May 16 2020,12:37 am6:38 am12:36 pm6:38 pm,7968,17705,147399,,2039.0,709.0,165104
89,Fri May 15 2020,12:37 am6:36 am12:38 pm6:38 pm,9128,17363,139773,,1985.0,692.0,157136
90,Thu May 14 2020,12:36 am6:37 am12:38 pm6:39 pm,6734,16565,131443,,1915.0,663.0,148008
91,Wed May 13 2020,12:37 am6:35 am12:38 pm6:36 pm,7297,15772,125502,,1851.0,638.0,141274
92,Tue May 12 2020,12:35 am6:36 am12:36 pm6:36 pm,4013,15043,118934,,1799.0,614.0,133977
93,Mon May 11 2020,12:14 am6:12 am12:13 pm6:42 pm,5303,14379,115585,,1716.0,591.0,129964
94,Sun May 10 2020,12:13 am6:13 am12:13 pm6:13 pm,5300,13552,111109,,1657.0,578.0,124661
95,Sat May 9 2020,12:15 am6:14 am12:14 pm6:13 pm,4913,13321,106040,,1612.0,558.0,119361
96,Fri May 8 2020,12:14 am6:13 am12:13 pm6:11 pm,4876,13040,101408,,1549.0,534.0,114448
97,Thu May 7 2020,12:14 am6:13 am12:15 pm6:13 pm,5015,12328,97244,,1459.0,508.0,109572
98,Wed May 6 2020,12:13 am6:12 am12:14 pm6:13 pm,4479,11510,93047,,1405.0,485.0,104557
99,Tue May 5 2020,12:13 am6:13 am12:14 pm6:14 pm,3166,10876,89202,,1350.0,455.0,100078
100,Mon May 4 2020,12:13 am6:14 am12:13 pm6:13 pm,4068,10235,86677,,1271.0,428.0,96912
101,Sun May 3 2020,12:14 am6:13 am12:13 pm6:12 pm,3164,9411,83433,,1199.0,419.0,92844
102,Sat May 2 2020,12:14 am6:14 am12:14 pm6:14 pm,3730,9071,80609,,1159.0,395.0,89680
103,Fri May 1 2020,12:13 am6:14 am12:13 pm6:19 pm,4485,8736,77214,,1096.0,371.0,85950
104,Thu Apr 30 2020,12:13 pm6:13 pm,4347,8116,73349,,1044.0,343.0,81465
105,Wed Apr 29 2020,12:13 am6:14 am6:31 pm,7082,7468,69650,,950.0,319.0,77118
106,Tue Apr 28 2020,12:12 am6:13 am12:14 pm,3346,6788,63248,,912.0,301.0,70036
107,Mon Apr 27 2020,12:13 am6:13 am12:13 pm6:13 pm,2017,6187,60503,,861.0,286.0,66690
108,Sun Apr 26 2020,12:12 am6:13 am12:12 pm6:12 pm,2564,5512,59161,,829.0,272.0,64673
109,Sat Apr 25 2020,12:13 am6:11 am12:12 pm6:12 pm,2615,5127,56982,,797.0,244.0,62109
110,Fri Apr 24 2020,12:12 am6:12 am12:13 pm6:11 pm,3080,4788,54706,,756.0,221.0,59494
111,Thu Apr 23 2020,12:11 am6:12 am12:12 pm6:13 pm,2491,4270,52144,,712.0,200.0,56414
112,Wed Apr 22 2020,12:12 am6:12 am12:12 pm6:11 pm,2130,3758,50165,,660.0,179.0,53923
113,Tue Apr 21 2020,6:11 am12:11 pm6:10 pm,1749,3452,48341,,629.0,160.0,51793
114,Mon Apr 20 2020,6:11 am12:11 pm6:10 pm,842,3190,46854,,602.0,143.0,50044
115,Sun Apr 19 2020,6:12 am12:10 pm6:10 pm,1232,2914,46288,,574.0,134.0,49202
116,Sat Apr 18 2020,12:10 am6:10 pm,1482,2788,45182,,561.0,121.0,47970
117,Fri Apr 17 2020,12:10 am6:10 am12:11 pm6:10 pm,1466,2668,43820,,518.0,111.0,46488
118,Thu Apr 16 2020,12:10 am12:10 pm6:10 pm,1456,2486,42536,,475.0,94.0,45022
119,Wed Apr 15 2020,12:12 am6:09 am12:10 pm6:11 pm,1696,2321,41245,,445.0,87.0,43566
120,Tue Apr 14 2020,6:10 am12:09 pm6:10 pm,1191,2165,39705,,405.0,79.0,41870
121,Mon Apr 13 2020,12:11 am12:10 pm6:10 pm,785,2012,38667,,361.0,70.0,40679
122,Sun Apr 12 2020,12:09 am6:10 am12:10 pm6:11 pm,1190,1864,38030,,361.0,70.0,39894
123,Sat Apr 11 2020,12:10 am6:09 am12:10 pm6:09 pm,1626,1806,36898,,340.0,64.0,38704
124,Fri Apr 10 2020,12:09 am10:38 am6:12 pm,1759,1732,35346,,317.0,57.0,37078
125,Thu Apr 9 2020,9:44 am12:10 pm6:45 pm,1831,1637,33682,,293.0,50.0,35319
126,Wed Apr 8 2020,,1453,1534,31954,,271.0,39.0,33488
127,Tue Apr 7 2020,12:08 am6:09 am12:09 pm6:10 pm,1550,1432,30603,,242.0,34.0,32035
128,Mon Apr 6 2020,12:09 am6:10 am12:09 pm6:10 pm,1178,1330,29155,,223.0,30.0,30485
129,Sun Apr 5 2020,12:08 am6:08 am12:09 pm6:09 pm,1462,1217,28090,,202.0,29.0,29307
130,Sat Apr 4 2020,12:08 am6:09 am12:08 pm6:09 pm,1663,1158,26687,,180.0,24.0,27845
131,Fri Apr 3 2020,12:08 am6:08 am12:08 pm6:08 pm,1346,1119,25063,,156.0,22.0,26182
132,Thu Apr 2 2020,12:09 am6:08 am12:08 pm6:10 pm,1983,1056,23780,,138.0,18.0,24836
133,Wed Apr 1 2020,12:11 am6:07 am12:07 pm6:07 pm,1002,973,21880,,122.0,17.0,22853
134,Tue Mar 31 2020,12:10 am6:07 am12:08 pm6:08 pm,1516,916,20935,,112.0,12.0,21851
135,Mon Mar 30 2020,6:08 am12:07 pm6:07 pm,1044,823,19512,,92.0,10.0,20335
136,Sun Mar 29 2020,1:07 am4:08 pm7:08 pm,1209,725,18566,,75.0,9.0,19291
137,Sat Mar 28 2020,1:09 am4:09 pm7:10 pm,3837,687,17395,,57.0,5.0,18082
138,Fri Mar 27 2020,4:08 pm7:08 pm,1076,640,13605,,51.0,4.0,14245
139,Thu Mar 26 2020,1:08 am2:08 pm,1479,565,12604,,41.0,2.0,13169
140,Wed Mar 25 2020,12:49 am2:06 pm7:07 pm,5696,502,11188,,35.0,1.0,11690
141,Tue Mar 24 2020,1:04 am2:05 pm7:05 pm,1090,444,5550,,21.0,1.0,5994
142,Mon Mar 23 2020,1:05 am2:07 pm7:08 pm,44,393,4511,,17.0,1.0,4904
143,Sun Mar 22 2020,1:04 am2:04 pm7:06 pm,581,349,4511,,12.0,1.0,4860
144,Sat Mar 21 2020,1:06 am2:06 pm7:05 pm,235,327,3952,,,1.0,4279
145,Fri Mar 20 2020,1:04 am2:06 pm7:14 pm,808,303,3741,,,,4044
146,Thu Mar 19 2020,1:04 am2:05 pm7:04 pm,282,287,2949,,,,3236
147,Wed Mar 18 2020,1:03 am2:13 pm7:04 pm,432,269,2685,,,,2954
148,Tue Mar 17 2020,11:09 pm2:13 pm6:03 pm,504,246,2276,,,,2522
149,Mon Mar 16 2020,10:58 am,503,179,1839,,,,2018
150,Sun Mar 15 2020,2:18 am4:36 pm,578,128,1387,,,,1515
151,Sat Mar 14 2020,,334,90,847,,,,937
152,Fri Mar 13 2020,,253,62,541,,,,603
153,Thu Mar 12 2020,,112,43,307,,,,350
154,Wed Mar 11 2020,,95,21,217,,,,238
155,Tue Mar 10 2020,,58,11,132,,,,143
156,Mon Mar 9 2020,,35,5,80,,,,85
157,Sun Mar 8 2020,,0,2,48,,,,50
158,Sat Mar 7 2020,,13,2,48,,,,50
159,Fri Mar 6 2020,,0,1,36,,,,37
