,Date,Screenshots (ET),New Tests,Cases,Negative,Pending,Hospitalized,Deaths,Total
0,Wed Aug 12 2020,12:09 am6:10 am12:14 pm6:10 pm,42098,199893,2991208,,,7881.0,3191101
1,Tue Aug 11 2020,12:09 am6:09 am12:11 pm6:09 pm,41362,198248,2950755,,,7866.0,3149003
2,Mon Aug 10 2020,12:09 am6:10 am12:11 pm6:09 pm,32353,196699,2910942,,,7846.0,3107641
3,Sun Aug 9 2020,12:10 am6:11 am12:10 pm6:12 pm,41354,195380,2879908,,,7845.0,3075288
4,Sat Aug 8 2020,12:11 am6:09 am12:09 pm6:09 pm,48016,193998,2839936,,,7840.0,3033934
5,Fri Aug 7 2020,12:10 am6:11 am12:10 pm6:09 pm,46888,191808,2794110,,,7822.0,2985918
6,Thu Aug 6 2020,12:09 am6:10 am12:11 pm6:10 pm,41686,189705,2749325,,,7791.0,2939030
7,Wed Aug 5 2020,12:09 am6:09 am12:10 pm6:10 pm,46668,187752,2709592,,,7770.0,2897344
8,Tue Aug 4 2020,12:09 am6:09 am12:10 pm6:10 pm,42598,185993,2664683,,,7742.0,2850676
9,Mon Aug 3 2020,12:09 am6:09 am12:11 pm6:10 pm,28475,184522,2623556,,,7723.0,2808078
10,Sun Aug 2 2020,12:09 am6:11 am12:10 pm6:10 pm,38945,183224,2596379,,,7714.0,2779603
11,Sat Aug 1 2020,12:10 am6:11 am12:09 pm6:10 pm,39809,181757,2558901,,,7700.0,2740658
12,Fri Jul 31 2020,12:09 am6:10 am12:11 pm6:10 pm,49821,180118,2520731,,,7692.0,2700849
13,Thu Jul 30 2020,12:10 am6:09 am12:09 pm6:09 pm,41134,178138,2472890,,,7670.0,2651028
14,Wed Jul 29 2020,12:09 am6:09 am12:09 pm6:11 pm,38187,176366,2433528,,,7654.0,2609894
15,Tue Jul 28 2020,12:09 am6:10 am12:09 pm6:10 pm,28331,174973,2396734,,,7638.0,2571707
16,Mon Jul 27 2020,12:09 am6:10 am12:10 pm6:09 pm,30567,173897,2369479,,,7608.0,2543376
17,Sun Jul 26 2020,12:09 am6:10 am12:10 pm6:09 pm,40844,172666,2340143,,,7590.0,2512809
18,Sat Jul 25 2020,12:09 am6:10 am12:10 pm6:09 pm,38200,171125,2300840,,,7589.0,2471965
19,Fri Jul 24 2020,12:12 am6:11 am12:11 pm6:11 pm,44397,169699,2264066,,,7577.0,2433765
20,Thu Jul 23 2020,12:11 am6:12 am12:11 pm6:11 pm,39706,168100,2221268,,,7560.0,2389368
21,Wed Jul 22 2020,12:12 am6:11 am12:10 pm6:11 pm,39633,166476,2183186,,,7540.0,2349662
22,Tue Jul 21 2020,12:11 am6:11 am12:12 pm6:10 pm,29745,164878,2145151,,,7517.0,2310029
23,Mon Jul 20 2020,12:10 am6:11 am12:10 pm6:11 pm,34598,163923,2116361,,,7494.0,2280284
24,Sun Jul 19 2020,12:10 am6:11 am12:11 pm6:11 pm,32113,162750,2082936,,,7488.0,2245686
25,Sat Jul 18 2020,12:09 am6:11 am12:10 pm6:11 pm,46099,161785,2051788,,,7483.0,2213573
26,Fri Jul 17 2020,12:10 am6:12 am12:10 pm6:10 pm,43735,160509,2006965,,,7465.0,2167474
27,Thu Jul 16 2020,12:10 am6:10 am12:11 pm6:11 pm,43006,159082,1964657,,,7452.0,2123739
28,Wed Jul 15 2020,12:10 am6:11 am12:10 pm6:10 pm,38161,157825,1922908,,,7427.0,2080733
29,Tue Jul 14 2020,12:10 am6:11 am12:11 pm6:11 pm,28446,156638,1885934,,,7419.0,2042572
30,Mon Jul 13 2020,12:11 am6:10 am12:09 pm6:10 pm,30012,155931,1858195,,,7394.0,2014126
31,Sun Jul 12 2020,12:10 am6:10 am12:11 pm6:11 pm,38894,155048,1829066,,,7388.0,1984114
32,Sat Jul 11 2020,12:12 am6:11 am12:10 pm6:10 pm,32345,154094,1791126,,,7369.0,1945220
33,Fri Jul 10 2020,12:11 am6:11 am12:11 pm6:11 pm,32997,152899,1759976,,,7345.0,1912875
34,Thu Jul 9 2020,12:10 am6:10 am12:10 pm6:11 pm,36180,151572,1728306,,,7329.0,1879878
35,Wed Jul 8 2020,12:10 am6:10 am12:11 pm6:10 pm,32742,150554,1693144,,,7309.0,1843698
36,Tue Jul 7 2020,12:39 am6:41 am12:38 pm,26994,149574,1661382,,,7273.0,1810956
37,Mon Jul 6 2020,12:39 am6:38 am12:43 pm6:41 pm,21134,148987,1634975,,,7236.0,1783962
38,Sun Jul 5 2020,12:39 am6:40 am12:38 pm6:44 pm,27235,148373,1614455,,,7230.0,1762828
39,Sat Jul 4 2020,12:38 am6:38 am12:38 pm6:49 pm,33836,147734,1587859,,,7224.0,1735593
40,Fri Jul 3 2020,6:39 am12:41 pm6:38 pm,34387,146872,1554885,,,7215.0,1701757
41,Thu Jul 2 2020,12:39 am6:40 am12:38 pm6:38 pm,30262,145935,1521435,,,7188.0,1667370
42,Wed Jul 1 2020,12:39 am6:40 am12:38 pm6:37 pm,33090,145066,1492042,,,7152.0,1637108
43,Tue Jun 30 2020,12:38 am6:36 am12:38 pm6:36 pm,31069,144238,1459780,,,7124.0,1604018
44,Mon Jun 29 2020,12:38 am6:39 am12:37 pm6:37 pm,26918,143514,1429435,,,7103.0,1572949
45,Sun Jun 28 2020,12:37 am6:36 am12:37 pm6:37 pm,23789,142776,1403255,,,7089.0,1546031
46,Sat Jun 27 2020,12:37 am6:43 am12:37 pm6:36 pm,30237,142130,1380112,,,7074.0,1522242
47,Fri Jun 26 2020,12:36 am6:39 am12:36 pm6:38 pm,30478,141344,1350661,,,7048.0,1492005
48,Thu Jun 25 2020,12:36 am6:38 am12:39 pm6:37 pm,31686,140434,1321093,,,7014.0,1461527
49,Wed Jun 24 2020,12:36 am6:36 am12:37 pm6:37 pm,29331,139540,1290301,,,6974.0,1429841
50,Tue Jun 23 2020,12:38 am6:37 am12:38 pm6:35 pm,20507,138825,1261685,,,6911.0,1400510
51,Mon Jun 22 2020,12:35 am6:35 am12:36 pm6:37 pm,18219,138224,1241779,,,6875.0,1380003
52,Sun Jun 21 2020,12:36 am6:34 am12:36 pm6:35 pm,23816,137762,1224022,,,6851.0,1361784
53,Sat Jun 20 2020,12:38 am6:37 am12:35 pm6:37 pm,25965,137104,1200864,,,6829.0,1337968
54,Fri Jun 19 2020,12:37 am6:38 am12:37 pm6:37 pm,27310,136470,1175533,,,6718.0,1312003
55,Thu Jun 18 2020,12:37 am6:37 am12:38 pm6:33 pm,25504,135639,1149054,,,6718.0,1284693
56,Wed Jun 17 2020,12:37 am6:38 am12:37 pm6:37 pm,29987,135046,1124143,,,6666.0,1259189
57,Tue Jun 16 2020,12:37 am6:36 am12:38 pm6:35 pm,18729,134500,1094702,,,6579.0,1229202
58,Mon Jun 15 2020,12:35 am6:36 am12:37 pm6:34 pm,18627,133877,1076596,,,6507.0,1210473
59,Sun Jun 14 2020,12:35 am6:37 am12:38 pm6:35 pm,22040,133404,1058442,,,6489.0,1191846
60,Sat Jun 13 2020,12:36 am6:38 am12:36 pm6:37 pm,21844,132732,1037074,,,6470.0,1169806
61,Fri Jun 12 2020,12:37 am6:37 am12:37 pm6:37 pm,24911,132059,1015903,,,6441.0,1147962
62,Thu Jun 11 2020,12:37 am6:37 am12:37 pm6:35 pm,22325,131327,991724,,,6363.0,1123051
63,Wed Jun 10 2020,12:34 am6:36 am12:36 pm6:34 pm,20820,130561,970165,,,6273.0,1100726
64,Tue Jun 9 2020,12:36 am6:35 am12:39 pm6:35 pm,20309,129936,949970,,,6196.0,1079906
65,Mon Jun 8 2020,12:34 am6:36 am12:41 pm6:41 pm,16823,129139,930458,,,6102.0,1059597
66,Sun Jun 7 2020,12:33 am6:36 am12:33 pm6:34 pm,20700,127757,915017,,,5904.0,1042774
67,Sat Jun 6 2020,12:39 am6:34 am12:37 pm6:35 pm,21155,126890,895184,,,5864.0,1022074
68,Fri Jun 5 2020,12:32 am6:32 am12:33 pm6:39 pm,18903,125915,875004,,,5795.0,1000919
69,Thu Jun 4 2020,12:33 am6:34 am12:32 pm6:32 pm,22841,124759,857257,,,5736.0,982016
70,Wed Jun 3 2020,12:33 am6:33 am12:37 pm6:34 pm,24471,123830,835345,,,5621.0,959175
71,Tue Jun 2 2020,12:35 am6:35 am12:33 pm6:33 pm,16431,122848,811856,,,5525.0,934704
72,Mon Jun 1 2020,12:34 am6:36 am12:32 pm6:32 pm,20014,121234,797039,,,5412.0,918273
73,Sun May 31 2020,12:33 am6:34 am12:35 pm6:34 pm,21154,120260,777999,,,5390.0,898259
74,Sat May 30 2020,12:33 am6:33 am12:32 pm6:32 pm,25343,118917,758188,,,5330.0,877105
75,Fri May 29 2020,12:34 am6:32 am7:09 pm,21796,117455,734307,,,5270.0,851762
76,Thu May 28 2020,12:34 am6:34 am12:33 pm6:32 pm,25993,115833,714133,,,5186.0,829966
77,Wed May 27 2020,12:40 am6:32 am12:34 pm6:35 pm,17179,114306,689667,,,5083.0,803973
78,Tue May 26 2020,12:34 am6:34 am12:33 pm6:33 pm,17230,113195,673599,,,4923.0,786794
79,Mon May 25 2020,12:31 am6:32 am12:33 pm6:32 pm,21643,112017,657547,,,4884.0,769564
80,Sun May 24 2020,12:33 am6:31 am12:37 pm6:33 pm,25674,110304,637617,,,4856.0,747921
81,Sat May 23 2020,12:34 am6:33 am12:32 pm6:33 pm,25114,107796,614451,,,4790.0,722247
82,Fri May 22 2020,12:36 am6:37 am12:37 pm6:40 pm,25113,105444,591689,,,4715.0,697133
83,Thu May 21 2020,12:33 am6:32 am12:32 pm6:34 pm,29307,102686,569334,,,4607.0,672020
84,Wed May 20 2020,12:38 am6:33 am12:32 pm6:33 pm,21029,100418,542295,,,4525.0,642713
85,Tue May 19 2020,12:32 am6:33 am12:34 pm6:34 pm,18443,98030,523654,,,4379.0,621684
86,Mon May 18 2020,12:34 am6:33 am12:33 pm6:37 pm,21297,96485,506756,,,4234.0,603241
87,Sun May 17 2020,12:33 am6:34 am12:34 pm6:36 pm,20295,94191,487753,,,4177.0,581944
88,Sat May 16 2020,12:33 am6:34 am12:33 pm6:34 pm,23047,92457,469192,,,4129.0,561649
89,Fri May 15 2020,12:34 am6:33 am12:35 pm6:34 pm,26565,90369,448233,,,4058.0,538602
90,Thu May 14 2020,12:32 am6:33 am12:35 pm6:36 pm,22678,87937,424100,,,3928.0,512037
91,Wed May 13 2020,12:33 am6:32 am12:35 pm6:33 pm,17668,84698,404661,,,3792.0,489359
92,Tue May 12 2020,12:32 am6:32 am12:32 pm6:32 pm,29266,83021,388670,,,3601.0,471691
93,Mon May 11 2020,12:11 am6:09 am12:10 pm6:39 pm,12441,79007,363418,,,3459.0,442425
94,Sun May 10 2020,12:10 am6:09 am12:10 pm6:09 pm,13653,77741,352243,,,3406.0,429984
95,Sat May 9 2020,12:11 am6:10 am12:10 pm6:09 pm,16617,76085,340246,,,3349.0,416331
96,Fri May 8 2020,12:11 am6:09 am12:10 pm6:09 pm,20671,73760,325954,,,3241.0,399714
97,Thu May 7 2020,12:11 am6:10 am12:11 pm6:10 pm,17783,70873,308170,,,3111.0,379043
98,Wed May 6 2020,12:10 am6:09 am12:11 pm6:10 pm,14974,68232,293028,,,2974.0,361260
99,Tue May 5 2020,12:10 am6:10 am12:10 pm6:11 pm,13139,65962,280324,,,2838.0,346286
100,Mon May 4 2020,12:10 am6:10 am12:10 pm6:10 pm,13834,63840,269307,,,2662.0,333147
101,Sun May 3 2020,12:11 am6:10 am12:10 pm6:09 pm,19417,61499,257814,,,2618.0,319313
102,Sat May 2 2020,12:11 am6:11 am12:11 pm6:11 pm,15208,58505,241391,,,2559.0,299896
103,Fri May 1 2020,12:10 am6:11 am12:10 pm6:11 pm,14821,56055,228633,,,2457.0,284688
104,Thu Apr 30 2020,12:10 pm6:10 pm,13200,52918,216949,,,2355.0,269867
105,Wed Apr 29 2020,12:10 am6:10 am6:10 pm,14478,50355,206312,,,2215.0,256667
106,Tue Apr 28 2020,12:09 am6:09 am12:10 pm,14561,48102,194087,,,2125.0,242189
107,Mon Apr 27 2020,12:10 am6:10 am12:10 pm6:09 pm,12676,45883,181745,,,1983.0,227628
108,Sun Apr 26 2020,12:09 am6:10 am12:09 pm6:09 pm,13335,43903,171049,,,1933.0,214952
109,Sat Apr 25 2020,12:10 am6:08 am12:09 pm6:09 pm,11985,41777,159840,,,1874.0,201617
110,Fri Apr 24 2020,12:09 am6:09 am12:10 pm6:08 pm,16316,39658,149974,,,1795.0,189632
111,Thu Apr 23 2020,12:09 am6:09 am12:09 pm6:10 pm,8970,36934,136382,,,1688.0,173316
112,Wed Apr 22 2020,12:09 am6:09 am12:09 pm6:08 pm,9349,35108,129238,,,1565.0,164346
113,Tue Apr 21 2020,6:08 am12:09 pm6:07 pm,6639,33059,121938,,,1468.0,154997
114,Mon Apr 20 2020,6:08 am12:07 pm6:07 pm,5040,31508,116850,,,1349.0,148358
115,Sun Apr 19 2020,6:09 am12:07 pm6:07 pm,5914,30357,112961,,,1290.0,143318
116,Sat Apr 18 2020,12:07 am6:07 pm,7241,29160,108244,,,1259.0,137404
117,Fri Apr 17 2020,12:07 am6:07 am12:08 pm6:07 pm,7574,27575,102588,,,1134.0,130163
118,Thu Apr 16 2020,12:07 am12:07 pm6:07 pm,5660,25733,96856,,,1072.0,122589
119,Wed Apr 15 2020,12:07 am6:06 am12:07 pm6:08 pm,6313,24593,92336,,,948.0,116929
120,Tue Apr 14 2020,6:07 am12:06 pm6:07 pm,4848,23247,87369,,,868.0,110616
121,Mon Apr 13 2020,12:07 am12:07 pm6:07 pm,5033,22025,83743,,,794.0,105768
122,Sun Apr 12 2020,12:06 am6:07 am12:07 pm6:07 pm,8586,20852,79883,,,720.0,100735
123,Sat Apr 11 2020,12:07 am6:06 am12:07 pm6:06 pm,4622,19180,72969,,,677.0,92149
124,Fri Apr 10 2020,12:07 am10:36 am6:08 pm,6670,17887,69640,,,596.0,87527
125,Thu Apr 9 2020,9:41 am12:07 pm6:42 pm,5791,16422,64435,,,528.0,80857
126,Wed Apr 8 2020,,6334,15078,59988,,,462.0,75066
127,Tue Apr 7 2020,12:06 am6:07 am12:06 pm6:07 pm,5790,13549,55183,,,380.0,68732
128,Mon Apr 6 2020,12:06 am6:07 am12:06 pm6:07 pm,3959,12262,50680,,,307.0,62942
129,Sun Apr 5 2020,12:06 am6:05 am12:07 pm6:06 pm,5402,11256,47727,,,274.0,58983
130,Sat Apr 4 2020,12:05 am6:06 am12:05 pm6:06 pm,5533,10357,43224,,,243.0,53581
131,Fri Apr 3 2020,12:05 am6:05 am12:06 pm6:06 pm,4392,8904,39144,,,210.0,48048
132,Thu Apr 2 2020,12:06 am6:05 am12:05 pm6:06 pm,3272,7695,35961,,,157.0,43656
133,Wed Apr 1 2020,12:07 am6:04 am12:04 pm6:04 pm,5159,6980,33404,,,141.0,40384
134,Tue Mar 31 2020,12:07 am6:05 am12:04 pm6:05 pm,4779,5994,29231,,,99.0,35225
135,Mon Mar 30 2020,6:05 am12:05 pm6:05 pm,2684,5057,25389,,,73.0,30446
136,Sun Mar 29 2020,1:04 am4:05 pm7:05 pm,2271,4596,23166,,,65.0,27762
137,Sat Mar 28 2020,1:06 am4:06 pm7:06 pm,3949,3491,22000,,,47.0,25491
138,Fri Mar 27 2020,4:05 pm7:05 pm,4911,3026,18516,,,34.0,21542
139,Thu Mar 26 2020,1:05 am2:05 pm,2422,2538,14093,,,26.0,16631
140,Wed Mar 25 2020,12:47 am2:04 pm7:04 pm,2740,1865,12344,,,19.0,14209
141,Tue Mar 24 2020,1:03 am2:03 pm7:03 pm,1613,1535,9934,,,16.0,11469
142,Mon Mar 23 2020,1:03 am2:03 pm7:05 pm,1536,1273,8583,,,12.0,9856
143,Sun Mar 22 2020,1:03 am2:03 pm7:04 pm,2079,1049,7271,,,9.0,8320
144,Sat Mar 21 2020,1:04 am2:04 pm7:03 pm,1960,753,5488,,,6.0,6241
145,Fri Mar 20 2020,1:02 am2:04 pm7:11 pm,1134,585,3696,,,5.0,4281
146,Thu Mar 19 2020,1:02 am2:04 pm7:03 pm,1096,422,2725,,,4.0,3147
147,Wed Mar 18 2020,1:02 am2:10 pm7:03 pm,552,288,1763,,,1.0,2051
148,Tue Mar 17 2020,11:08 pm2:11 pm6:02 pm,474,159,1340,,,1.0,1499
149,Mon Mar 16 2020,10:55 am,512,93,932,,,,1025
150,Sun Mar 15 2020,2:16 am4:34 pm,151,64,449,195.0,,,513
151,Sat Mar 14 2020,,36,46,316,82.0,,,362
152,Fri Mar 13 2020,,35,32,294,92.0,,,326
153,Thu Mar 12 2020,,28,25,266,76.0,,,291
154,Wed Mar 11 2020,,0,19,244,63.0,,,263
155,Tue Mar 10 2020,,65,19,244,63.0,,,263
156,Mon Mar 9 2020,,1,7,191,44.0,,,198
157,Sun Mar 8 2020,,0,6,191,44.0,,,197
158,Sat Mar 7 2020,,12,6,191,44.0,,,197
159,Fri Mar 6 2020,,15,5,180,35.0,,,185
160,Thu Mar 5 2020,,42,5,165,27.0,,,170
161,Wed Mar 4 2020,,0,4,124,27.0,,,128
