,Date,Screenshots (ET),New Tests,Cases,Negative,Pending,Hospitalized,Deaths,Total
0,Wed Aug 12 2020,12:21 am6:22 am12:26 pm6:20 pm,20610,104248,1624132,,11901.0,3734.0,1728380
1,Tue Aug 11 2020,12:21 am6:21 am12:23 pm6:21 pm,20126,102826,1604944,,11760.0,3708.0,1707770
2,Mon Aug 10 2020,12:21 am6:20 am12:22 pm6:21 pm,19096,101731,1585913,,11629.0,3673.0,1687644
3,Sun Aug 9 2020,12:21 am6:23 am12:21 pm6:23 pm,24055,100848,1567700,,11565.0,3669.0,1668548
4,Sat Aug 8 2020,12:23 am6:21 am12:20 pm6:20 pm,21398,99969,1544524,,11516.0,3668.0,1644493
5,Fri Aug 7 2020,12:23 am6:22 am12:21 pm6:21 pm,25056,98675,1524420,,11447.0,3652.0,1623095
6,Thu Aug 6 2020,12:20 am6:20 am12:21 pm6:21 pm,23426,97471,1500568,,11366.0,3618.0,1598039
7,Wed Aug 5 2020,12:20 am6:20 am12:22 pm6:21 pm,18801,96305,1478308,,11231.0,3596.0,1574613
8,Tue Aug 4 2020,12:20 am6:19 am12:21 pm6:25 pm,20269,95106,1460706,,11119.0,3570.0,1555812
9,Mon Aug 3 2020,12:19 am6:19 am12:22 pm6:21 pm,17997,93963,1441580,,10992.0,3539.0,1535543
10,Sun Aug 2 2020,12:18 am6:22 am12:21 pm6:21 pm,24643,93031,1424515,,10900.0,3529.0,1517546
11,Sat Aug 1 2020,12:20 am6:22 am12:19 pm6:20 pm,24569,92087,1400816,,10857.0,3515.0,1492903
12,Fri Jul 31 2020,12:19 am6:20 am12:22 pm6:21 pm,21862,91159,1377175,,10790.0,3489.0,1468334
13,Thu Jul 30 2020,12:20 am6:19 am12:20 pm6:18 pm,25635,89626,1356846,,10678.0,3442.0,1446472
14,Wed Jul 29 2020,12:19 am6:20 am12:20 pm6:20 pm,22104,87893,1332944,,10553.0,3422.0,1420837
15,Tue Jul 28 2020,12:20 am6:21 am12:19 pm6:22 pm,54635,86497,1312236,,10425.0,3382.0,1398733
16,Mon Jul 27 2020,12:19 am6:20 am12:20 pm6:20 pm,17667,85177,1258921,,10285.0,3344.0,1344098
17,Sun Jul 26 2020,12:20 am6:20 am12:20 pm6:26 pm,32609,84073,1242358,,10199.0,3307.0,1326431
18,Sat Jul 25 2020,12:20 am6:21 am12:19 pm6:20 pm,26194,83184,1210638,,10145.0,3297.0,1293822
19,Fri Jul 24 2020,12:23 am6:22 am12:23 pm6:22 pm,22602,81746,1185882,,10072.0,3297.0,1267628
20,Thu Jul 23 2020,12:22 am6:22 am12:23 pm6:23 pm,23431,80186,1164840,,9968.0,3256.0,1245026
21,Wed Jul 22 2020,12:23 am6:21 am12:21 pm6:23 pm,21572,78742,1142853,,9864.0,3235.0,1221595
22,Tue Jul 21 2020,12:21 am6:22 am12:25 pm6:20 pm,18111,77215,1122808,,9736.0,3219.0,1200023
23,Mon Jul 20 2020,12:21 am6:22 am12:22 pm6:22 pm,18998,76168,1105744,,9610.0,3189.0,1181912
24,Sun Jul 19 2020,12:20 am6:21 am12:22 pm6:21 pm,24478,74932,1087982,,9555.0,3174.0,1162914
25,Sat Jul 18 2020,12:20 am6:22 am12:20 pm6:21 pm,22312,73822,1064614,,9513.0,3132.0,1138436
26,Fri Jul 17 2020,12:21 am6:23 am12:19 pm6:21 pm,27331,72280,1043844,,9445.0,3112.0,1116124
27,Thu Jul 16 2020,12:21 am6:20 am12:21 pm6:21 pm,26170,70601,1018192,,9324.0,3103.0,1088793
28,Wed Jul 15 2020,12:20 am6:22 am12:20 pm6:19 pm,18874,69311,993312,,9209.0,3075.0,1062623
29,Tue Jul 14 2020,12:20 am6:22 am12:21 pm6:25 pm,18998,67995,975754,,9049.0,3069.0,1043749
30,Mon Jul 13 2020,12:21 am6:20 am12:19 pm6:20 pm,18365,66853,957898,,8915.0,3064.0,1024751
31,Sun Jul 12 2020,12:20 am6:19 am12:21 pm6:22 pm,23351,65592,940794,,8842.0,3058.0,1006386
32,Sat Jul 11 2020,12:24 am6:22 am12:19 pm6:19 pm,23482,64214,918821,,8770.0,3036.0,983035
33,Fri Jul 10 2020,12:20 am6:21 am12:21 pm6:19 pm,43151,62856,896697,,8701.0,3032.0,959553
34,Thu Jul 9 2020,12:19 am6:19 am12:20 pm6:20 pm,1150,61331,855071,,8570.0,3006.0,916402
35,Wed Jul 8 2020,12:19 am6:19 am12:20 pm6:19 pm,18767,60181,855071,,8489.0,2991.0,915252
36,Tue Jul 7 2020,12:49 am6:52 am12:47 pm,15073,58904,837581,,8383.0,2970.0,896485
37,Mon Jul 6 2020,12:49 am6:48 am12:53 pm6:50 pm,12650,57956,823456,,8249.0,2927.0,881412
38,Sun Jul 5 2020,12:49 am6:50 am12:47 pm6:52 pm,20392,57151,811611,,8172.0,2911.0,868762
39,Sat Jul 4 2020,12:47 am6:47 am12:47 pm6:57 pm,20213,56183,792187,,8111.0,2907.0,848370
40,Fri Jul 3 2020,6:49 am12:51 pm6:48 pm,34851,55257,772900,,8084.0,2903.0,828157
41,Thu Jul 2 2020,12:48 am6:49 am12:46 pm6:48 pm,1301,54166,739140,,8038.0,2903.0,793306
42,Wed Jul 1 2020,12:47 am6:48 am12:46 pm6:46 pm,4076,52865,739140,,7911.0,2876.0,792005
43,Tue Jun 30 2020,6:44 am12:47 pm6:44 pm,13547,51789,736140,,7839.0,2863.0,787929
44,Mon Jun 29 2020,12:46 am6:47 am12:45 pm6:46 pm,17617,51046,723336,,7746.0,2818.0,774382
45,Sun Jun 28 2020,12:45 am6:45 am12:46 pm6:46 pm,11926,50309,706456,,7681.0,2807.0,756765
46,Sat Jun 27 2020,12:46 am6:52 am12:46 pm6:45 pm,23287,49455,695384,,7624.0,2804.0,744839
47,Fri Jun 26 2020,12:45 am6:48 am12:44 pm6:47 pm,21922,48638,672914,,7570.0,2788.0,721552
48,Thu Jun 25 2020,12:45 am6:48 am12:47 pm6:46 pm,18943,47651,651979,,7502.0,2772.0,699630
49,Wed Jun 24 2020,12:44 am6:45 am12:46 pm6:45 pm,10250,46759,633928,,7447.0,2755.0,680687
50,Tue Jun 23 2020,12:47 am6:45 am12:46 pm6:44 pm,10836,46127,624310,,7379.0,2735.0,670437
51,Mon Jun 22 2020,12:43 am6:43 am12:44 pm6:46 pm,16380,45537,614064,,7292.0,2704.0,659601
52,Sun Jun 21 2020,12:44 am6:42 am12:44 pm6:44 pm,13256,44808,598413,,7242.0,2700.0,643221
53,Sat Jun 20 2020,12:46 am6:45 am12:43 pm6:44 pm,13929,44262,585703,,7201.0,2697.0,629965
54,Fri Jun 19 2020,12:45 am6:46 am12:45 pm6:45 pm,16012,43731,572305,,7167.0,2667.0,616036
55,Thu Jun 18 2020,12:46 am6:44 am12:47 pm6:42 pm,15461,43122,556902,,7104.0,2633.0,600024
56,Wed Jun 17 2020,12:45 am6:46 am12:46 pm6:47 pm,16430,42422,542141,,7051.0,2611.0,584563
57,Tue Jun 16 2020,12:46 am6:44 am12:47 pm6:42 pm,10965,42010,526123,,7007.0,2597.0,568133
58,Mon Jun 15 2020,12:44 am6:45 am12:45 pm6:42 pm,10948,41576,515592,,6948.0,2573.0,557168
59,Sun Jun 14 2020,12:43 am6:45 am12:46 pm6:43 pm,7322,41148,505072,,6895.0,2557.0,546220
60,Sat Jun 13 2020,12:45 am6:47 am12:44 pm6:45 pm,15180,40848,498050,,6864.0,2554.0,538898
61,Fri Jun 12 2020,12:44 am6:46 am12:45 pm6:45 pm,11135,40424,483294,,6814.0,2508.0,523718
62,Thu Jun 11 2020,12:45 am6:46 am12:44 pm6:43 pm,10699,40004,472579,,6753.0,2490.0,512583
63,Wed Jun 10 2020,12:42 am6:45 am12:44 pm6:42 pm,11494,39575,462309,,6693.0,2457.0,501884
64,Tue Jun 9 2020,12:44 am6:43 am12:48 pm6:43 pm,13572,39162,451228,,6620.0,2421.0,490390
65,Mon Jun 8 2020,12:42 am6:43 am12:49 pm6:50 pm,7794,38837,437981,,6550.0,2404.0,476818
66,Sun Jun 7 2020,12:40 am6:45 am12:43 pm6:42 pm,10498,38476,430548,,6497.0,2377.0,469024
67,Sat Jun 6 2020,12:47 am6:41 am12:44 pm6:49 pm,12331,38111,420415,,6460.0,2370.0,458526
68,Fri Jun 5 2020,12:41 am6:41 am12:41 pm6:48 pm,8944,37758,408437,,6385.0,2355.0,446195
69,Thu Jun 4 2020,12:42 am6:41 am12:40 pm6:40 pm,11146,37282,399969,,6312.0,2339.0,437251
70,Wed Jun 3 2020,12:41 am6:41 am12:45 pm6:42 pm,16197,36792,389313,,6251.0,2299.0,426105
71,Tue Jun 2 2020,12:44 am6:43 am12:40 pm6:41 pm,11842,36350,373558,,6176.0,2258.0,409908
72,Mon Jun 1 2020,12:42 am6:43 am12:39 pm6:40 pm,7158,35984,362082,,6112.0,2206.0,398066
73,Sun May 31 2020,12:41 am6:41 am12:43 pm6:43 pm,8961,35513,355395,,6049.0,2155.0,390908
74,Sat May 30 2020,12:41 am6:40 am12:40 pm6:40 pm,12057,35034,346913,,6011.0,2149.0,381947
75,Fri May 29 2020,12:41 am6:39 am7:17 pm,9878,34566,335324,,5947.0,2131.0,369890
76,Thu May 28 2020,12:41 am6:43 am12:40 pm6:40 pm,10287,33915,326097,,5811.0,2098.0,360012
77,Wed May 27 2020,12:48 am6:40 am12:49 pm6:43 pm,10325,33439,316286,,5700.0,2044.0,349725
78,Tue May 26 2020,12:41 am6:42 am12:40 pm6:41 pm,9066,33006,306394,,5579.0,2002.0,339400
79,Mon May 25 2020,12:39 am6:39 am12:41 pm6:39 pm,5781,32477,297857,,5511.0,1987.0,330334
80,Sun May 24 2020,12:41 am6:38 am12:44 pm6:42 pm,8059,31911,292642,,5476.0,1969.0,324553
81,Sat May 23 2020,12:43 am6:41 am12:39 pm6:40 pm,8694,31408,285086,,5437.0,1956.0,316494
82,Fri May 22 2020,12:44 am6:44 am12:46 pm6:47 pm,8722,30794,277006,,5379.0,1872.0,307800
83,Thu May 21 2020,12:41 am6:39 am12:39 pm6:42 pm,9550,30167,268911,,5295.0,1836.0,299078
84,Wed May 20 2020,12:45 am6:41 am12:39 pm6:41 pm,11926,29436,260092,,5198.0,1781.0,289528
85,Tue May 19 2020,12:40 am6:40 am12:42 pm6:42 pm,5753,28952,248650,,5117.0,1720.0,277602
86,Mon May 18 2020,12:42 am6:40 am12:40 pm6:45 pm,7387,28454,243395,,4998.0,1657.0,271849
87,Sun May 17 2020,12:41 am6:41 am12:41 pm6:43 pm,17760,27923,236539,,4921.0,1625.0,264462
88,Sat May 16 2020,12:41 am6:41 am12:40 pm6:41 pm,520,27474,219228,,4870.0,1610.0,246702
89,Fri May 15 2020,12:41 am6:40 am12:42 pm6:42 pm,12830,26954,219228,,4791.0,1581.0,246182
90,Thu May 14 2020,12:39 am6:40 am12:42 pm6:42 pm,7498,26357,206995,,4718.0,1534.0,233352
91,Wed May 13 2020,12:40 am6:38 am12:42 pm6:40 pm,8123,25721,200133,,4618.0,1483.0,225854
92,Tue May 12 2020,12:40 am6:39 am12:40 pm6:39 pm,7201,25250,192481,,4539.0,1436.0,217731
93,Mon May 11 2020,12:18 am6:16 am12:17 pm6:46 pm,5668,24777,185753,,4413.0,1357.0,210530
94,Sun May 10 2020,12:18 am6:16 am12:17 pm6:17 pm,8192,24081,180781,,4351.0,1341.0,204862
95,Sat May 9 2020,12:18 am6:17 am12:18 pm6:17 pm,12354,23697,172973,,4300.0,1331.0,196670
96,Fri May 8 2020,12:19 am6:17 am12:17 pm6:15 pm,8257,23016,161300,,4218.0,1306.0,184316
97,Thu May 7 2020,12:18 am6:17 am12:19 pm6:16 pm,7130,22131,153928,,4140.0,1271.0,176059
98,Wed May 6 2020,12:17 am6:16 am12:19 pm6:17 pm,8194,21576,147353,,4052.0,1225.0,168929
99,Tue May 5 2020,12:18 am6:17 am12:18 pm6:18 pm,5580,20969,139766,,3956.0,1135.0,160735
100,Mon May 4 2020,12:17 am6:18 am12:17 pm6:17 pm,4989,20474,134681,,3809.0,1056.0,155155
101,Sun May 3 2020,12:18 am6:17 am12:17 pm6:15 pm,4347,19914,130252,,3769.0,1038.0,150166
102,Sat May 2 2020,12:18 am6:18 am12:18 pm6:18 pm,5313,19335,126484,,3712.0,1021.0,145819
103,Fri May 1 2020,12:16 am6:18 am12:18 pm6:24 pm,6616,18743,121763,,3634.0,1002.0,140506
104,Thu Apr 30 2020,12:17 pm6:16 pm,4982,18027,115863,,3533.0,975.0,133890
105,Wed Apr 29 2020,12:17 am6:17 am6:35 pm,5561,17303,111605,,3421.0,937.0,128908
106,Tue Apr 28 2020,12:15 am6:16 am12:18 pm,3330,16769,106578,,3340.0,799.0,123347
107,Mon Apr 27 2020,12:17 am6:17 am12:18 pm6:16 pm,3631,16325,103692,,3232.0,753.0,120017
108,Sun Apr 26 2020,12:16 am6:16 am12:16 pm6:16 pm,4403,15963,100423,,3178.0,728.0,116386
109,Sat Apr 25 2020,12:17 am6:14 am12:16 pm6:16 pm,4286,15587,96396,,3115.0,711.0,111983
110,Fri Apr 24 2020,12:16 am6:16 am12:16 pm6:15 pm,4820,15169,92528,,3053.0,690.0,107697
111,Thu Apr 23 2020,12:14 am6:15 am12:20 pm6:16 pm,4371,14694,88183,,2960.0,656.0,102877
112,Wed Apr 22 2020,12:15 am6:15 am12:16 pm6:14 pm,3792,14117,84389,,2882.0,610.0,98506
113,Tue Apr 21 2020,6:14 am12:15 pm6:14 pm,3875,13725,80989,,2779.0,557.0,94714
114,Mon Apr 20 2020,6:14 am12:14 pm6:13 pm,3540,12919,77920,,2653.0,509.0,90839
115,Sun Apr 19 2020,6:15 am12:14 pm6:13 pm,8258,11602,75697,,2565.0,471.0,87299
116,Sat Apr 18 2020,12:14 am6:13 pm,1115,10222,68819,,2519.0,451.0,79041
117,Fri Apr 17 2020,12:14 am6:14 am12:14 pm6:14 pm,3086,9107,68819,,2424.0,418.0,77926
118,Thu Apr 16 2020,12:13 am12:14 pm6:13 pm,3288,8414,66426,,2331.0,389.0,74840
119,Wed Apr 15 2020,12:15 am6:13 am12:14 pm6:14 pm,3551,7791,63761,,2237.0,361.0,71552
120,Tue Apr 14 2020,6:13 am12:13 pm6:14 pm,2889,7280,60721,,2156.0,324.0,68001
121,Mon Apr 13 2020,12:14 am12:18 pm6:13 pm,1869,6975,58137,,2033.0,274.0,65112
122,Sun Apr 12 2020,12:13 am6:14 am12:14 pm6:14 pm,2772,6604,56639,,1948.0,253.0,63243
123,Sat Apr 11 2020,12:14 am6:12 am12:13 pm6:13 pm,1898,6250,54221,,1859.0,247.0,60471
124,Fri Apr 10 2020,12:12 am10:42 am6:15 pm,2588,5878,52695,,1755.0,231.0,58573
125,Thu Apr 9 2020,9:47 am12:13 pm6:49 pm,2644,5512,50473,,1612.0,213.0,55985
126,Wed Apr 8 2020,,2503,5148,48193,,1495.0,193.0,53341
127,Tue Apr 7 2020,12:13 am6:13 am12:13 pm6:13 pm,2460,4782,46056,,1354.0,167.0,50838
128,Mon Apr 6 2020,12:12 am6:14 am12:13 pm6:15 pm,4622,4450,43928,,1214.0,142.0,48378
129,Sun Apr 5 2020,12:12 am6:11 am12:13 pm6:12 pm,1885,4043,39713,,1104.0,119.0,43756
130,Sat Apr 4 2020,12:12 am6:13 am12:12 pm6:12 pm,3496,3739,38132,,1006.0,102.0,41871
131,Fri Apr 3 2020,12:12 am6:11 am12:12 pm6:12 pm,3457,3312,35063,,895.0,91.0,38375
132,Thu Apr 2 2020,12:13 am6:11 am12:13 pm6:14 pm,5379,2902,32016,,802.0,81.0,34918
133,Wed Apr 1 2020,12:15 am6:11 am12:12 pm6:11 pm,348,2547,26992,,679.0,65.0,29539
134,Tue Mar 31 2020,12:14 am6:11 am12:12 pm6:12 pm,1916,2199,26992,,585.0,55.0,29191
135,Mon Mar 30 2020,6:12 am12:11 pm6:11 pm,6610,1933,25342,,475.0,39.0,27275
136,Sun Mar 29 2020,1:11 am4:12 pm7:11 pm,247,1653,19012,,403.0,29.0,20665
137,Sat Mar 28 2020,1:12 am4:13 pm7:13 pm,269,1406,19012,,344.0,25.0,20418
138,Fri Mar 27 2020,4:11 pm7:11 pm,2833,1137,19012,,276.0,19.0,20149
139,Thu Mar 26 2020,1:10 am2:11 pm,2552,867,16449,,223.0,15.0,17316
140,Wed Mar 25 2020,12:51 am2:08 pm7:09 pm,14060,704,14060,,182.0,10.0,14764
141,Tue Mar 24 2020,1:07 am2:07 pm7:08 pm,122,564,140,,145.0,8.0,704
142,Mon Mar 23 2020,1:07 am2:09 pm7:10 pm,91,442,140,,104.0,6.0,582
143,Sun Mar 22 2020,1:07 am2:09 pm7:09 pm,104,351,140,,83.0,3.0,491
144,Sat Mar 21 2020,1:08 am2:09 pm7:07 pm,78,247,140,,58.0,3.0,387
145,Fri Mar 20 2020,1:06 am2:09 pm7:16 pm,50,169,140,,,1.0,309
146,Thu Mar 19 2020,1:05 am2:07 pm7:06 pm,31,119,140,,,,259
147,Wed Mar 18 2020,1:05 am2:17 pm7:06 pm,21,88,140,,,,228
148,Tue Mar 17 2020,11:11 pm2:16 pm6:05 pm,17,67,140,,,,207
149,Mon Mar 16 2020,11:00 am,15,50,140,361.0,,,190
150,Sun Mar 15 2020,2:19 am4:39 pm,112,36,139,350.0,,,175
151,Sat Mar 14 2020,,0,13,50,159.0,,,63
152,Fri Mar 13 2020,,28,13,50,159.0,,,63
153,Thu Mar 12 2020,,10,5,30,52.0,,,35
154,Wed Mar 11 2020,,8,4,21,24.0,,,25
155,Tue Mar 10 2020,,3,3,14,15.0,,,17
156,Mon Mar 9 2020,,4,3,11,5.0,,,14
157,Sun Mar 8 2020,,1,0,10,4.0,,,10
158,Sat Mar 7 2020,,1,0,9,5.0,,,9
159,Fri Mar 6 2020,,1,0,8,2.0,,,8
160,Thu Mar 5 2020,,0,0,7,3.0,,,7
