,Date,Screenshots (ET),New Tests,Cases,Negative,Pending,Hospitalized,Deaths,Total
0,Wed Aug 12 2020,12:18 am6:20 am12:24 pm6:18 pm,2730,29030,279432,,1880.0,351.0,308462
1,Tue Aug 11 2020,12:19 am6:18 am12:21 pm6:19 pm,3097,28696,277036,,1741.0,348.0,305732
2,Mon Aug 10 2020,12:19 am6:18 am12:20 pm6:18 pm,2961,28432,274203,,1722.0,345.0,302635
3,Sun Aug 9 2020,12:18 am6:21 am12:19 pm6:21 pm,2136,28245,271429,,1715.0,345.0,299674
4,Sat Aug 8 2020,12:21 am6:19 am12:18 pm6:18 pm,3636,28104,269434,,1704.0,345.0,297538
5,Fri Aug 7 2020,12:20 am6:21 am12:19 pm6:19 pm,3721,27821,266081,,1688.0,340.0,293902
6,Thu Aug 6 2020,12:18 am6:18 am12:19 pm6:19 pm,3076,27489,262692,,1681.0,335.0,290181
7,Wed Aug 5 2020,12:18 am6:18 am12:20 pm6:19 pm,3246,27178,259927,,1644.0,332.0,287105
8,Tue Aug 4 2020,12:18 am6:17 am12:18 pm,2753,26956,256903,,1644.0,332.0,283859
9,Mon Aug 3 2020,12:17 am6:17 am12:20 pm6:19 pm,3863,26702,254404,,1630.0,332.0,281106
10,Sun Aug 2 2020,12:17 am6:20 am12:19 pm6:19 pm,1984,26391,250852,,1629.0,332.0,277243
11,Sat Aug 1 2020,12:18 am6:19 am12:17 pm,4303,26211,249048,,1622.0,332.0,275259
12,Fri Jul 31 2020,12:16 am6:18 am12:19 pm6:18 pm,4063,25766,245190,,1610.0,328.0,270956
13,Thu Jul 30 2020,12:18 am6:17 am12:17 pm6:16 pm,2860,25422,241471,,1610.0,324.0,266893
14,Wed Jul 29 2020,12:17 am6:17 am12:18 pm6:19 pm,2930,25157,238876,,1606.0,321.0,264033
15,Tue Jul 28 2020,12:17 am6:19 am12:18 pm6:19 pm,2276,24899,236204,,1587.0,317.0,261103
16,Mon Jul 27 2020,12:17 am6:17 am12:18 pm6:18 pm,3363,24618,234209,,1570.0,316.0,258827
17,Sun Jul 26 2020,12:18 am6:18 am12:18 pm6:23 pm,2859,24395,231069,,1567.0,316.0,255464
18,Sat Jul 25 2020,12:18 am6:18 am12:17 pm6:17 pm,3531,24174,228431,,1548.0,316.0,252605
19,Fri Jul 24 2020,12:21 am6:20 am12:20 pm6:19 pm,3501,23818,225256,,1548.0,316.0,249074
20,Thu Jul 23 2020,12:20 am6:20 am12:20 pm6:20 pm,2952,23486,222087,,1522.0,311.0,245573
21,Wed Jul 22 2020,12:20 am6:18 am12:19 pm6:20 pm,4180,23190,219431,,1508.0,310.0,242621
22,Tue Jul 21 2020,12:19 am6:20 am6:18 pm,3545,22847,215594,,1502.0,306.0,238441
23,Mon Jul 20 2020,12:18 am6:19 am12:19 pm6:20 pm,2495,22583,212313,,1482.0,301.0,234896
24,Sun Jul 19 2020,12:18 am6:19 am12:19 pm6:19 pm,1250,22481,209920,,1481.0,301.0,232401
25,Sat Jul 18 2020,12:17 am6:19 am12:18 pm6:19 pm,4955,22361,208790,,1480.0,301.0,231151
26,Fri Jul 17 2020,12:18 am6:20 am12:18 pm6:18 pm,2967,22134,204062,,1453.0,299.0,226196
27,Thu Jul 16 2020,12:18 am6:18 am12:19 pm6:19 pm,3486,21979,201250,,1453.0,291.0,223229
28,Wed Jul 15 2020,12:18 am6:19 am12:17 pm6:17 pm,3508,21717,198026,,1442.0,286.0,219743
29,Tue Jul 14 2020,12:18 am6:20 am12:19 pm6:23 pm,4576,21399,194836,,1431.0,288.0,216235
30,Mon Jul 13 2020,12:18 am6:18 am12:17 pm6:18 pm,3556,21172,190487,,1421.0,285.0,211659
31,Sun Jul 12 2020,12:17 am6:17 am12:19 pm6:19 pm,4249,20998,187105,,1421.0,285.0,208103
32,Sat Jul 11 2020,12:21 am12:17 pm6:17 pm,2840,20777,183077,,1419.0,286.0,203854
33,Fri Jul 10 2020,12:18 am6:18 am12:19 pm6:18 pm,3179,20623,180391,,1419.0,284.0,201014
34,Thu Jul 9 2020,12:17 am6:17 am12:18 pm6:18 pm,2787,20425,177410,,1405.0,282.0,197835
35,Wed Jul 8 2020,12:17 am6:17 am12:17 pm6:17 pm,1975,20201,174847,,1398.0,282.0,195048
36,Tue Jul 7 2020,12:47 am12:45 pm,1333,20046,173027,,1369.0,283.0,193073
37,Mon Jul 6 2020,12:47 am6:46 am12:51 pm6:48 pm,1812,19929,171811,,1369.0,284.0,191740
38,Sun Jul 5 2020,12:47 am6:48 am6:50 pm,2340,19827,170101,,1368.0,284.0,189928
39,Sat Jul 4 2020,12:45 am6:45 am12:45 pm6:55 pm,3454,19660,167928,,1365.0,284.0,187588
40,Fri Jul 3 2020,6:47 am12:49 pm6:45 pm,1472,19452,164682,,1353.0,282.0,184134
41,Thu Jul 2 2020,12:47 am6:47 am12:45 pm6:46 pm,2054,19310,163352,,1343.0,276.0,182662
42,Wed Jul 1 2020,12:45 am6:47 am12:44 pm6:43 pm,2451,19177,161431,,1330.0,274.0,180608
43,Tue Jun 30 2020,12:45 am6:42 am6:43 pm,2885,19042,159115,,1330.0,269.0,178157
44,Mon Jun 29 2020,12:44 am6:45 am12:43 pm,2474,18899,156373,,1316.0,267.0,175272
45,Sun Jun 28 2020,12:43 am6:43 am12:44 pm6:43 pm,4200,18775,154023,,1315.0,267.0,172798
46,Sat Jun 27 2020,12:44 am6:50 am12:43 pm6:43 pm,3596,18524,150074,,1312.0,266.0,168598
47,Fri Jun 26 2020,12:43 am6:46 am12:43 pm6:46 pm,1832,18346,146656,,1294.0,260.0,165002
48,Thu Jun 25 2020,12:43 am6:46 am12:45 pm6:44 pm,1869,18221,144949,,1268.0,257.0,163170
49,Wed Jun 24 2020,12:42 am6:43 am12:44 pm6:43 pm,2659,18092,143209,,1257.0,256.0,161301
50,Tue Jun 23 2020,12:45 am6:44 am12:44 pm6:41 pm,2134,17957,140685,,1234.0,249.0,158642
51,Mon Jun 22 2020,12:41 am6:41 am12:42 pm6:44 pm,2267,17810,138698,,1212.0,244.0,156508
52,Sun Jun 21 2020,12:43 am6:40 am12:43 pm6:42 pm,2387,17707,136534,,1212.0,244.0,154241
53,Sat Jun 20 2020,12:44 am6:43 am12:41 pm6:43 pm,4008,17591,134263,,1200.0,244.0,151854
54,Fri Jun 19 2020,12:43 am6:45 am12:43 pm6:43 pm,3033,17415,130431,,1166.0,240.0,147846
55,Thu Jun 18 2020,12:44 am6:43 am12:45 pm6:39 pm,2426,17226,127587,,1141.0,234.0,144813
56,Wed Jun 17 2020,12:43 am6:44 am12:43 pm,2874,17031,125356,,1116.0,231.0,142387
57,Tue Jun 16 2020,12:44 am6:42 am12:44 pm6:41 pm,1758,16851,122662,,1088.0,220.0,139513
58,Mon Jun 15 2020,12:42 am6:43 am12:43 pm6:41 pm,1640,16725,121030,,1075.0,216.0,137755
59,Sun Jun 14 2020,12:41 am6:43 am12:44 pm6:41 pm,1738,16633,119482,,1070.0,216.0,136115
60,Sat Jun 13 2020,12:43 am6:45 am6:43 pm,3604,16513,117864,,1067.0,216.0,134377
61,Fri Jun 12 2020,12:42 am6:44 am12:43 pm6:43 pm,3111,16315,114458,,1029.0,212.0,130773
62,Thu Jun 11 2020,12:43 am6:44 am12:43 pm6:41 pm,2500,16025,111637,,1000.0,195.0,127662
63,Wed Jun 10 2020,12:41 am6:43 am12:42 pm6:41 pm,2470,15883,109279,,989.0,191.0,125162
64,Tue Jun 9 2020,12:43 am6:41 am12:47 pm6:41 pm,1285,15752,106940,,967.0,188.0,122692
65,Mon Jun 8 2020,12:40 am6:42 am12:47 pm6:48 pm,1638,15634,105773,,935.0,188.0,121407
66,Sun Jun 7 2020,12:39 am6:44 am12:41 pm6:40 pm,2222,15543,104226,,928.0,188.0,119769
67,Sat Jun 6 2020,12:46 am6:39 am12:43 pm6:47 pm,2725,15379,102168,,919.0,186.0,117547
68,Fri Jun 5 2020,12:39 am6:39 am12:39 pm6:46 pm,2567,15117,99705,,905.0,186.0,114822
69,Thu Jun 4 2020,12:40 am6:39 am12:38 pm6:39 pm,2289,14866,97389,,902.0,187.0,112255
70,Wed Jun 3 2020,12:39 am6:39 am12:43 pm6:40 pm,3548,14611,95355,,851.0,181.0,109966
71,Tue Jun 2 2020,12:42 am6:41 am12:39 pm6:40 pm,2753,14345,92073,,,178.0,106418
72,Mon Jun 1 2020,12:40 am6:41 am12:38 pm6:38 pm,2523,14101,89564,,,170.0,103665
73,Sun May 31 2020,12:39 am6:39 am12:41 pm6:41 pm,2134,13905,87237,,,170.0,101142
74,Sat May 30 2020,12:39 am6:38 am12:38 pm6:39 pm,4205,13654,85354,,,170.0,99008
75,Fri May 29 2020,12:39 am6:38 am7:15 pm,1823,13261,81542,,,164.0,94803
76,Thu May 28 2020,12:39 am6:41 am12:39 pm6:38 pm,2559,12976,80004,,,163.0,92980
77,Wed May 27 2020,12:46 am6:38 am6:41 pm,2379,12619,77802,,,153.0,90421
78,Tue May 26 2020,12:40 am6:40 am12:39 pm6:39 pm,2310,12355,75687,,,150.0,88042
79,Mon May 25 2020,12:38 am6:37 am12:39 pm6:37 pm,2527,12134,73598,,,150.0,85732
80,Sun May 24 2020,12:39 am6:36 am12:43 pm6:40 pm,3223,11989,71216,,,147.0,83205
81,Sat May 23 2020,12:41 am6:39 am12:37 pm6:39 pm,1563,11662,68320,,,147.0,79982
82,Fri May 22 2020,12:42 am6:43 am12:44 pm6:46 pm,2779,11425,66994,,,143.0,78419
83,Thu May 21 2020,12:39 am6:38 am12:38 pm6:40 pm,3505,11122,64518,,,138.0,75640
84,Wed May 20 2020,12:44 am6:39 am12:38 pm6:39 pm,2151,10846,61289,,,132.0,72135
85,Tue May 19 2020,12:39 am6:39 am12:41 pm6:40 pm,2483,10625,59359,,,125.0,69984
86,Mon May 18 2020,12:40 am6:39 am12:39 pm6:43 pm,1861,10348,57153,,,123.0,67501
87,Sun May 17 2020,12:39 am6:40 am12:40 pm6:41 pm,5662,10220,55420,,,123.0,65640
88,Sat May 16 2020,12:39 am6:40 am12:38 pm6:40 pm,2763,9772,50206,,,119.0,59978
89,Fri May 15 2020,12:40 am6:38 am12:41 pm6:40 pm,3874,9416,47799,,,113.0,57215
90,Thu May 14 2020,12:38 am6:39 am12:41 pm6:41 pm,3616,9075,44266,,,107.0,53341
91,Wed May 13 2020,12:39 am6:37 am12:40 pm6:38 pm,1782,8692,41033,,,103.0,49725
92,Tue May 12 2020,9:00 pm12:38 am6:38 am12:39 pm6:38 pm,1704,8572,39371,,,100.0,47943
93,Mon May 11 2020,12:16 am6:15 am12:15 pm,670,8315,37924,,,98.0,46239
94,Sun May 10 2020,12:16 am6:15 am12:15 pm6:15 pm,2593,8234,37335,,,96.0,45569
95,Sat May 9 2020,12:17 am6:16 am12:16 pm6:15 pm,2564,7831,35145,,,92.0,42976
96,Fri May 8 2020,12:17 am6:15 am12:16 pm6:14 pm,2654,7190,33222,,,90.0,40412
97,Thu May 7 2020,12:17 am6:16 am12:17 pm6:15 pm,1630,6771,30987,,,86.0,37758
98,Wed May 6 2020,12:16 am6:14 am12:17 pm6:15 pm,1519,6438,29690,,,82.0,36128
99,Tue May 5 2020,12:16 am6:15 am12:16 pm6:16 pm,855,6083,28526,,,78.0,34609
100,Mon May 4 2020,12:16 am6:16 am12:15 pm6:15 pm,2492,5910,27844,,,78.0,33754
101,Sun May 3 2020,12:17 am6:15 am12:15 pm6:14 pm,1914,5326,25936,,,76.0,31262
102,Sat May 2 2020,12:16 am6:17 am12:17 pm6:16 pm,1963,4838,24510,,,73.0,29348
103,Fri May 1 2020,12:15 am6:16 am12:16 pm6:22 pm,2064,4281,23104,,,70.0,27385
104,Thu Apr 30 2020,12:16 pm6:15 pm,1690,3784,21537,,,68.0,25321
105,Wed Apr 29 2020,12:16 am6:16 am6:34 pm,26,3374,20257,,,55.0,23631
106,Tue Apr 28 2020,12:14 am6:15 am12:16 pm,1242,3358,20247,,,55.0,23605
107,Mon Apr 27 2020,12:15 am6:15 am12:16 pm6:15 pm,1135,3028,19335,,,56.0,22363
108,Sun Apr 26 2020,12:14 am6:15 am12:15 pm6:14 pm,1255,2732,18496,,,53.0,21228
109,Sat Apr 25 2020,12:15 am6:13 am12:15 pm6:15 pm,1361,2421,17552,,,50.0,19973
110,Fri Apr 24 2020,12:14 am6:15 am12:15 pm6:13 pm,1252,2124,16488,,,47.0,18612
111,Thu Apr 23 2020,12:13 am6:14 am12:19 pm6:15 pm,681,1813,15547,,,45.0,17360
112,Wed Apr 22 2020,12:14 am6:14 am12:14 pm6:13 pm,307,1722,14957,,,38.0,16679
113,Tue Apr 21 2020,6:13 am12:13 pm6:12 pm,692,1648,14724,,,33.0,16372
114,Mon Apr 20 2020,6:13 am12:13 pm6:12 pm,1105,1474,14206,,,28.0,15680
115,Sun Apr 19 2020,6:14 am12:13 pm6:12 pm,898,1287,13288,,,28.0,14575
116,Sat Apr 18 2020,12:12 am6:12 pm,573,1138,12539,,,24.0,13677
117,Fri Apr 17 2020,12:13 am6:12 am12:13 pm6:13 pm,810,1066,12038,,,24.0,13104
118,Thu Apr 16 2020,12:12 am12:12 pm6:12 pm,565,952,11342,,,21.0,12294
119,Wed Apr 15 2020,12:14 am6:12 am12:12 pm6:13 pm,372,901,10828,,,20.0,11729
120,Tue Apr 14 2020,6:12 am12:11 pm6:12 pm,385,871,10486,,,18.0,11357
121,Mon Apr 13 2020,12:13 am12:12 pm6:12 pm,281,814,10158,,,17.0,10972
122,Sun Apr 12 2020,12:11 am6:12 am12:12 pm6:13 pm,706,791,9900,,,17.0,10691
123,Sat Apr 11 2020,12:12 am6:11 am12:12 pm6:11 pm,631,700,9285,,,17.0,9985
124,Fri Apr 10 2020,12:11 am10:41 am6:14 pm,671,635,8719,,,15.0,9354
125,Thu Apr 9 2020,9:46 am12:12 pm6:47 pm,722,567,8116,,,14.0,8683
126,Wed Apr 8 2020,,703,519,7442,,,12.0,7961
127,Tue Apr 7 2020,12:11 am6:12 am12:12 pm6:12 pm,471,447,6811,,,10.0,7258
128,Mon Apr 6 2020,12:11 am6:12 am12:11 pm6:13 pm,866,409,6378,8.0,,8.0,6787
129,Sun Apr 5 2020,12:10 am6:10 am12:12 pm6:11 pm,542,363,5558,12.0,,8.0,5921
130,Sat Apr 4 2020,12:10 am6:12 am12:11 pm6:11 pm,613,321,5058,10.0,,6.0,5379
131,Fri Apr 3 2020,12:11 am6:10 am12:11 pm6:11 pm,542,279,4487,11.0,,6.0,4766
132,Thu Apr 2 2020,12:11 am6:10 am12:11 pm6:12 pm,539,246,3978,11.0,,5.0,4224
133,Wed Apr 1 2020,12:14 am6:09 am12:10 pm6:09 pm,582,210,3475,8.0,,4.0,3685
134,Tue Mar 31 2020,12:13 am6:10 am12:10 pm6:10 pm,374,172,2931,8.0,,3.0,3103
135,Mon Mar 30 2020,6:10 am12:10 pm6:10 pm,653,145,2584,5.0,,2.0,2729
136,Sun Mar 29 2020,1:09 am4:11 pm7:10 pm,76,108,1968,4.0,,2.0,2076
137,Sat Mar 28 2020,1:11 am4:12 pm7:12 pm,154,96,1904,,,2.0,2000
138,Fri Mar 27 2020,4:10 pm7:10 pm,189,85,1761,,,0.0,1846
139,Thu Mar 26 2020,1:10 am2:10 pm,292,73,1584,,,0.0,1657
140,Wed Mar 25 2020,12:50 am2:07 pm7:08 pm,338,61,1304,,,0.0,1365
141,Tue Mar 24 2020,1:06 am2:06 pm7:06 pm,621,52,975,,,0.0,1027
142,Mon Mar 23 2020,1:06 am2:08 pm7:09 pm,2,50,356,,,0.0,406
143,Sun Mar 22 2020,1:06 am2:08 pm7:08 pm,10,48,356,,,0.0,404
144,Sat Mar 21 2020,1:07 am2:07 pm7:06 pm,122,38,356,,,0.0,394
145,Fri Mar 20 2020,1:05 am2:08 pm7:15 pm,5,32,240,,,0.0,272
146,Thu Mar 19 2020,1:05 am2:06 pm7:05 pm,37,27,240,,,0.0,267
147,Wed Mar 18 2020,1:04 am2:15 pm7:05 pm,3,24,206,,,,230
148,Tue Mar 17 2020,11:10 pm2:15 pm6:04 pm,39,21,206,,,,227
149,Mon Mar 16 2020,10:59 am,91,18,170,,,,188
150,Sun Mar 15 2020,2:18 am4:37 pm,3,17,80,33.0,,,97
151,Sat Mar 14 2020,,1,14,80,33.0,,,94
152,Fri Mar 13 2020,,3,13,80,33.0,,,93
153,Thu Mar 12 2020,,38,10,80,33.0,,,90
154,Wed Mar 11 2020,,2,5,47,16.0,,,52
155,Tue Mar 10 2020,,11,3,47,16.0,,,50
156,Mon Mar 9 2020,,21,3,36,9.0,,,39
157,Sun Mar 8 2020,,0,1,17,5.0,,,18
158,Sat Mar 7 2020,,1,1,17,5.0,,,18
159,Fri Mar 6 2020,,0,0,17,5.0,,,17
160,Thu Mar 5 2020,,0,0,17,5.0,,,17
