,Date,Screenshots (ET),New Tests,Cases,Negative,Pending,Hospitalized,Deaths,Total
0,Wed Aug 12 2020,12:11 am6:12 am12:16 pm6:11 pm,6420,36945,637830,,4091.0,790.0,674775
1,Tue Aug 11 2020,12:11 am6:10 am12:12 pm6:11 pm,10548,35793,632562,,4063.0,783.0,668355
2,Mon Aug 10 2020,12:11 am6:11 am12:13 pm6:11 pm,8968,35254,622553,,4024.0,775.0,657807
3,Sun Aug 9 2020,12:11 am6:13 am12:11 pm6:13 pm,404,34982,613857,,4002.0,773.0,648839
4,Sat Aug 8 2020,12:13 am6:11 am12:10 pm6:11 pm,6441,34578,613857,,4002.0,772.0,648435
5,Fri Aug 7 2020,12:12 am6:12 am12:12 pm6:10 pm,9550,33796,608198,,3975.0,764.0,641994
6,Thu Aug 6 2020,12:11 am6:11 am12:12 pm6:12 pm,11622,33254,599190,,3924.0,760.0,632444
7,Wed Aug 5 2020,12:11 am6:11 am12:11 pm6:12 pm,12967,32741,588081,,3903.0,752.0,620822
8,Tue Aug 4 2020,12:10 am6:10 am12:11 pm6:11 pm,7562,32197,575658,,3851.0,751.0,607855
9,Mon Aug 3 2020,12:10 am6:10 am12:12 pm6:11 pm,3157,31508,568785,,3815.0,744.0,600293
10,Sun Aug 2 2020,12:10 am6:12 am12:11 pm6:11 pm,462,31185,565951,,3782.0,742.0,597136
11,Sat Aug 1 2020,12:11 am6:12 am12:10 pm6:10 pm,8851,30723,565951,,3782.0,740.0,596674
12,Fri Jul 31 2020,12:10 am6:11 am12:12 pm6:11 pm,8517,30151,557672,,3314.0,735.0,587823
13,Thu Jul 30 2020,12:11 am6:09 am12:10 pm6:09 pm,10965,29386,549920,,3304.0,731.0,579306
14,Wed Jul 29 2020,12:10 am6:10 am12:10 pm6:12 pm,10628,28727,539614,,3281.0,724.0,568341
15,Tue Jul 28 2020,12:11 am6:11 am12:10 pm6:12 pm,10263,28126,529587,,3279.0,719.0,557713
16,Mon Jul 27 2020,12:10 am6:11 am12:10 pm6:10 pm,5552,27601,519849,,3276.0,709.0,547450
17,Sun Jul 26 2020,12:10 am6:11 am12:11 pm6:10 pm,315,27079,514819,,3266.0,700.0,541898
18,Sat Jul 25 2020,12:10 am6:11 am12:11 pm6:10 pm,8107,26764,514819,,3266.0,696.0,541583
19,Fri Jul 24 2020,12:13 am6:12 am12:12 pm6:11 pm,8681,25931,507545,,3248.0,691.0,533476
20,Thu Jul 23 2020,12:12 am6:13 am12:12 pm6:12 pm,5720,25147,499648,,2921.0,684.0,524795
21,Wed Jul 22 2020,12:13 am6:11 am12:11 pm6:12 pm,10382,24540,494535,,2914.0,677.0,519075
22,Tue Jul 21 2020,12:12 am6:12 am12:14 pm6:11 pm,14539,24060,484633,,2900.0,674.0,508693
23,Mon Jul 20 2020,12:12 am6:12 am12:11 pm6:12 pm,1430,23414,470740,,2882.0,671.0,494154
24,Sun Jul 19 2020,12:11 am6:12 am12:12 pm6:12 pm,2523,23161,469563,,2880.0,670.0,492724
25,Sat Jul 18 2020,12:10 am6:12 am12:11 pm6:12 pm,7139,22184,468017,,2875.0,667.0,490201
26,Fri Jul 17 2020,12:11 am6:13 am12:11 pm6:11 pm,15058,21605,461457,,2864.0,658.0,483062
27,Thu Jul 16 2020,12:11 am6:11 am12:12 pm6:12 pm,8817,21083,446921,,2842.0,650.0,468004
28,Wed Jul 15 2020,12:11 am6:12 am12:11 pm6:11 pm,3631,20677,438510,,2823.0,645.0,459187
29,Tue Jul 14 2020,12:11 am6:12 am12:12 pm6:12 pm,13671,20223,435333,,2802.0,635.0,455556
30,Mon Jul 13 2020,12:12 am6:11 am12:10 pm6:11 pm,3715,19653,422232,,2791.0,629.0,441885
31,Sun Jul 12 2020,12:11 am6:11 am12:12 pm6:12 pm,268,19389,418781,,2779.0,625.0,438170
32,Sat Jul 11 2020,12:13 am6:12 am12:10 pm6:11 pm,5212,19121,418781,,2779.0,622.0,437902
33,Fri Jul 10 2020,12:11 am6:11 am12:12 pm6:12 pm,8677,18670,414020,,2763.0,620.0,432690
34,Thu Jul 9 2020,12:11 am6:11 am12:11 pm6:12 pm,8092,18245,405768,,2747.0,612.0,424013
35,Wed Jul 8 2020,12:11 am6:11 am12:11 pm6:11 pm,6049,17919,398002,,2737.0,608.0,415921
36,Tue Jul 7 2020,12:40 am6:42 am12:39 pm,9530,17519,392353,,2708.0,602.0,409872
37,Mon Jul 6 2020,12:40 am6:39 am12:45 pm6:42 pm,4695,17152,383190,,2699.0,593.0,400342
38,Sun Jul 5 2020,12:40 am6:41 am12:39 pm6:45 pm,0,16376,379271,,2685.0,585.0,395647
39,Sat Jul 4 2020,12:39 am6:39 am12:39 pm6:49 pm,0,16376,379271,,2685.0,585.0,395647
40,Fri Jul 3 2020,6:40 am12:42 pm6:39 pm,9853,16376,379271,,2685.0,585.0,395647
41,Thu Jul 2 2020,12:40 am6:40 am12:39 pm6:39 pm,8704,16079,369715,,2662.0,581.0,385794
42,Wed Jul 1 2020,12:39 am6:41 am12:38 pm6:37 pm,6156,15842,361248,,2635.0,572.0,377090
43,Tue Jun 30 2020,12:39 am6:37 am12:39 pm6:37 pm,9493,15624,355310,,2621.0,565.0,370934
44,Mon Jun 29 2020,12:38 am6:40 am12:37 pm6:38 pm,2950,15347,346094,,2602.0,560.0,361441
45,Sun Jun 28 2020,12:38 am6:37 am12:38 pm6:38 pm,7737,15232,343259,,2590.0,558.0,358491
46,Sat Jun 27 2020,12:38 am6:44 am12:38 pm6:37 pm,0,14859,335895,,2589.0,553.0,350754
47,Fri Jun 26 2020,12:37 am6:40 am12:37 pm6:39 pm,7872,14859,335895,,2589.0,553.0,350754
48,Thu Jun 25 2020,12:37 am6:40 am12:39 pm6:38 pm,7180,14617,328265,,2584.0,546.0,342882
49,Wed Jun 24 2020,12:37 am6:37 am12:38 pm6:37 pm,4408,14363,321339,,2574.0,538.0,335702
50,Tue Jun 23 2020,12:39 am6:38 am12:38 pm6:36 pm,9262,14141,317153,,2556.0,537.0,331294
51,Mon Jun 22 2020,12:36 am6:36 am12:37 pm6:38 pm,4751,13839,308193,,2532.0,526.0,322032
52,Sun Jun 21 2020,12:37 am6:35 am12:37 pm6:36 pm,120,13750,303531,,2522.0,526.0,317281
53,Sat Jun 20 2020,12:38 am6:38 am12:36 pm6:38 pm,5934,13630,303531,,2522.0,524.0,317161
54,Fri Jun 19 2020,12:38 am6:39 am12:38 pm6:38 pm,4847,13454,297773,,2494.0,522.0,311227
55,Thu Jun 18 2020,12:38 am6:38 am12:39 pm6:34 pm,6511,13197,293183,,2482.0,520.0,306380
56,Wed Jun 17 2020,12:38 am6:39 am12:38 pm6:38 pm,3836,12995,286874,,2455.0,518.0,299869
57,Tue Jun 16 2020,12:38 am6:37 am12:39 pm6:36 pm,182,12829,283204,,2436.0,512.0,296033
58,Mon Jun 15 2020,12:36 am6:37 am12:38 pm6:35 pm,1266,12647,283204,,2433.0,505.0,295851
59,Sun Jun 14 2020,12:35 am6:38 am12:38 pm6:36 pm,0,12445,282140,,2433.0,499.0,294585
60,Sat Jun 13 2020,12:37 am6:39 am12:37 pm6:37 pm,13491,12445,282140,,2433.0,499.0,294585
61,Fri Jun 12 2020,12:38 am6:38 am12:38 pm6:38 pm,0,11945,269149,,2406.0,493.0,281094
62,Thu Jun 11 2020,12:38 am6:38 am12:37 pm6:35 pm,6680,11945,269149,,2406.0,493.0,281094
63,Wed Jun 10 2020,12:35 am6:37 am12:37 pm6:35 pm,14476,11883,262531,,2396.0,484.0,274414
64,Tue Jun 9 2020,12:37 am6:36 am12:40 pm6:36 pm,7081,11708,248230,,2386.0,477.0,259938
65,Mon Jun 8 2020,12:35 am6:36 am12:42 pm6:41 pm,3795,11476,241381,,2368.0,472.0,252857
66,Sun Jun 7 2020,12:34 am6:38 am12:34 pm6:35 pm,0,11287,237775,,2361.0,470.0,249062
67,Sat Jun 6 2020,12:40 am6:34 am12:38 pm6:36 pm,6645,11287,237775,,2361.0,470.0,249062
68,Fri Jun 5 2020,12:33 am6:33 am12:33 pm6:40 pm,6492,10977,231440,,2345.0,466.0,242417
69,Thu Jun 4 2020,12:34 am6:34 am12:33 pm6:33 pm,3726,10705,225220,,2332.0,458.0,235925
70,Wed Jun 3 2020,12:34 am6:34 am12:38 pm6:35 pm,4928,10410,221789,,2317.0,450.0,232199
71,Tue Jun 2 2020,12:36 am6:36 am12:34 pm6:35 pm,11225,10185,217086,,2307.0,442.0,227271
72,Mon Jun 1 2020,12:35 am6:36 am12:33 pm6:33 pm,2293,10046,206000,,2274.0,439.0,216046
73,Sun May 31 2020,12:34 am6:35 am12:36 pm6:36 pm,5558,9704,204049,,2272.0,431.0,213753
74,Sat May 30 2020,12:34 am6:34 am12:33 pm6:33 pm,-13079,9464,198731,,2266.0,418.0,208195
75,Fri May 29 2020,12:34 am6:33 am7:10 pm,39173,9184,212090,,2180.0,409.0,221274
76,Thu May 28 2020,12:34 am6:35 am12:34 pm6:33 pm,0,9077,173024,,2142.0,400.0,182101
77,Wed May 27 2020,12:41 am6:33 am12:35 pm6:36 pm,12245,9077,173024,,2136.0,400.0,182101
78,Tue May 26 2020,12:35 am6:35 am12:34 pm6:34 pm,0,8571,161285,,2131.0,391.0,169856
79,Mon May 25 2020,12:32 am6:33 am12:34 pm6:33 pm,0,8571,161285,,2131.0,391.0,169856
80,Sun May 24 2020,12:33 am6:32 am12:38 pm6:34 pm,-1603,8571,161285,,2131.0,391.0,169856
81,Sat May 23 2020,12:35 am6:34 am12:32 pm6:34 pm,5219,8426,163033,,2076.0,391.0,171459
82,Fri May 22 2020,12:37 am6:38 am12:38 pm6:41 pm,7568,8286,157954,,2041.0,386.0,166240
83,Thu May 21 2020,12:34 am6:33 am12:33 pm6:35 pm,4686,8167,150505,,2016.0,376.0,158672
84,Wed May 20 2020,12:39 am6:34 am12:33 pm6:34 pm,0,8069,145917,,2010.0,366.0,153986
85,Tue May 19 2020,12:33 am6:34 am12:35 pm6:35 pm,24301,8069,145917,,1980.0,366.0,153986
86,Mon May 18 2020,12:35 am6:34 am12:34 pm6:37 pm,0,7688,121997,,1896.0,334.0,129685
87,Sun May 17 2020,12:34 am6:35 am12:35 pm6:36 pm,1951,7688,121997,,1896.0,334.0,129685
88,Sat May 16 2020,12:34 am6:35 am12:34 pm6:35 pm,6456,7444,120290,,1896.0,332.0,127734
89,Fri May 15 2020,12:35 am6:34 am12:35 pm6:35 pm,3883,7225,114053,,1887.0,328.0,121278
90,Thu May 14 2020,12:33 am6:34 am12:36 pm6:36 pm,6761,7080,110315,,1835.0,326.0,117395
91,Wed May 13 2020,12:34 am6:32 am12:36 pm6:33 pm,6610,6853,103781,,1825.0,321.0,110634
92,Tue May 12 2020,12:33 am6:33 am12:33 pm6:33 pm,17101,6677,97347,,1767.0,311.0,104024
93,Mon May 11 2020,12:12 am6:10 am12:10 pm6:40 pm,0,6440,80483,,1757.0,304.0,86923
94,Sun May 10 2020,12:11 am6:10 am12:11 pm6:10 pm,476,6440,80483,,1757.0,304.0,86923
95,Sat May 9 2020,12:12 am6:11 am12:11 pm6:10 pm,5046,6288,80159,,1696.0,298.0,86447
96,Fri May 8 2020,12:12 am6:10 am12:11 pm6:09 pm,2795,6129,75272,,1684.0,294.0,81401
97,Thu May 7 2020,12:12 am6:11 am12:12 pm6:10 pm,17592,5934,72672,,1616.0,283.0,78606
98,Wed May 6 2020,12:11 am6:10 am12:12 pm6:11 pm,967,5822,55192,,1603.0,275.0,61014
99,Tue May 5 2020,12:11 am6:10 am12:11 pm6:11 pm,1638,5245,54802,,1529.0,261.0,60047
100,Mon May 4 2020,12:11 am6:12 am12:11 pm6:10 pm,760,5130,53279,,1519.0,253.0,58409
101,Sun May 3 2020,12:12 am6:11 am12:11 pm6:10 pm,0,4879,52770,,1411.0,248.0,57649
102,Sat May 2 2020,12:12 am6:12 am12:12 pm6:11 pm,1037,4879,52770,,1411.0,248.0,57649
103,Fri May 1 2020,12:11 am6:12 am12:11 pm6:12 pm,2511,4708,51904,,1375.0,240.0,56612
104,Thu Apr 30 2020,12:11 pm6:11 pm,1690,4539,49562,,1359.0,235.0,54101
105,Wed Apr 29 2020,12:11 am6:12 am6:11 pm,3612,4375,48036,,1331.0,225.0,52411
106,Tue Apr 28 2020,12:10 am6:10 am12:11 pm,325,4146,44653,,1281.0,213.0,48799
107,Mon Apr 27 2020,12:11 am6:11 am12:11 pm6:11 pm,1916,4074,44400,,1274.0,208.0,48474
108,Sun Apr 26 2020,12:10 am6:11 am12:10 pm6:10 pm,1596,3905,42653,,1266.0,205.0,46558
109,Sat Apr 25 2020,12:11 am6:09 am12:10 pm6:10 pm,2118,3779,41183,,1143.0,200.0,44962
110,Fri Apr 24 2020,12:10 am6:10 am12:11 pm6:09 pm,6769,3481,39363,,1115.0,191.0,42844
111,Thu Apr 23 2020,12:10 am6:10 am12:10 pm6:11 pm,2747,3373,32702,,1105.0,185.0,36075
112,Wed Apr 22 2020,12:10 am6:10 am12:10 pm6:09 pm,508,3192,30136,,1076.0,171.0,33328
113,Tue Apr 21 2020,6:09 am12:09 pm6:08 pm,248,3050,29770,,1059.0,154.0,32820
114,Mon Apr 20 2020,6:09 am12:08 pm6:08 pm,347,2960,29612,,1059.0,148.0,32572
115,Sun Apr 19 2020,6:09 am12:08 pm6:08 pm,1629,2707,29518,,1059.0,144.0,32225
116,Sat Apr 18 2020,12:08 am6:08 pm,849,2522,28074,,1008.0,137.0,30596
117,Fri Apr 17 2020,12:08 am6:08 am12:08 pm6:08 pm,1423,2429,27318,,971.0,129.0,29747
118,Thu Apr 16 2020,12:08 am12:08 pm6:08 pm,627,2291,26033,,807.0,122.0,28324
119,Wed Apr 15 2020,12:08 am6:07 am12:08 pm6:09 pm,1014,2210,25487,,687.0,115.0,27697
120,Tue Apr 14 2020,6:08 am12:07 pm6:08 pm,817,2048,24635,,673.0,104.0,26683
121,Mon Apr 13 2020,12:08 am12:08 pm6:07 pm,1299,1963,23903,,667.0,97.0,25866
122,Sun Apr 12 2020,12:07 am6:08 am12:08 pm6:08 pm,279,1840,22727,,459.0,94.0,24567
123,Sat Apr 11 2020,12:07 am6:07 am12:08 pm6:07 pm,0,1693,22595,,459.0,90.0,24288
124,Fri Apr 10 2020,12:07 am10:36 am6:10 pm,2487,1693,22595,,459.0,90.0,24288
125,Thu Apr 9 2020,9:42 am12:07 pm6:43 pm,197,1346,20455,,,73.0,21801
126,Wed Apr 8 2020,,1649,1149,20455,,,65.0,21604
127,Tue Apr 7 2020,12:07 am6:07 am12:07 pm6:07 pm,1188,1008,18947,,,59.0,19955
128,Mon Apr 6 2020,12:07 am6:08 am12:07 pm6:08 pm,2104,955,17812,,,45.0,18767
129,Sun Apr 5 2020,12:06 am6:06 am12:07 pm6:07 pm,1091,917,15746,,,40.0,16663
130,Sat Apr 4 2020,12:06 am6:07 am12:06 pm6:06 pm,2768,831,14741,,,37.0,15572
131,Fri Apr 3 2020,12:06 am6:06 am12:06 pm6:06 pm,4904,770,12034,,,31.0,12804
132,Thu Apr 2 2020,12:06 am6:06 am12:06 pm6:07 pm,344,680,7220,,,20.0,7900
133,Wed Apr 1 2020,12:08 am6:05 am12:05 pm6:05 pm,746,591,6965,,,17.0,7556
134,Tue Mar 31 2020,12:08 am6:06 am12:05 pm6:06 pm,792,480,6330,,,11.0,6810
135,Mon Mar 30 2020,6:06 am12:06 pm6:06 pm,477,439,5579,,,9.0,6018
136,Sun Mar 29 2020,1:05 am4:06 pm7:06 pm,418,394,5147,,,9.0,5541
137,Sat Mar 28 2020,1:07 am4:07 pm7:08 pm,1107,302,4821,,,8.0,5123
138,Fri Mar 27 2020,4:06 pm7:06 pm,716,248,3768,,,6.0,4016
139,Thu Mar 26 2020,1:06 am2:06 pm,278,198,3102,,,4.0,3300
140,Wed Mar 25 2020,12:47 am2:05 pm7:05 pm,1136,157,2865,,,4.0,3022
141,Tue Mar 24 2020,1:03 am2:04 pm7:04 pm,20,124,1762,,,4.0,1886
142,Mon Mar 23 2020,1:04 am2:06 pm7:06 pm,295,104,1762,,,3.0,1866
143,Sun Mar 22 2020,1:03 am2:03 pm7:05 pm,803,99,1472,,,3.0,1571
144,Sat Mar 21 2020,1:05 am2:05 pm7:03 pm,129,54,714,,,2.0,768
145,Fri Mar 20 2020,1:03 am2:04 pm7:12 pm,150,47,592,,,1.0,639
146,Thu Mar 19 2020,1:03 am2:04 pm7:03 pm,109,35,454,,,1.0,489
147,Wed Mar 18 2020,1:02 am2:11 pm7:03 pm,63,26,354,,,1.0,380
148,Tue Mar 17 2020,11:08 pm2:12 pm6:02 pm,62,22,295,,,1.0,317
149,Mon Mar 16 2020,10:56 am,100,21,234,,,1.0,255
150,Sun Mar 15 2020,2:17 am4:35 pm,2,16,139,,,1.0,155
151,Sat Mar 14 2020,,35,14,139,,,1.0,153
152,Fri Mar 13 2020,,54,11,107,,,,118
153,Thu Mar 12 2020,,10,8,56,,,,64
154,Wed Mar 11 2020,,20,8,46,,,,54
155,Tue Mar 10 2020,,13,6,28,,,,34
156,Mon Mar 9 2020,,7,4,17,,,,21
157,Sun Mar 8 2020,,4,1,13,,,,14
158,Sat Mar 7 2020,,3,1,9,,,,10
159,Fri Mar 6 2020,,0,0,7,3.0,,,7
